     0/299     14.8G   0.06841     1.922   0.03871     2.029       426       640   0.03923   0.07803   0.02173  0.003159    0.1025     0.711   0.03904
     1/299       17G   0.06749    0.3995   0.03861    0.5056       443       640   0.08322    0.1015   0.04106  0.007266    0.1011    0.2081    0.0388
     2/299       17G   0.06678    0.1234   0.03852    0.2287       507       640    0.1017    0.1695   0.09018   0.01847    0.1006    0.0814   0.03869
     3/299       17G   0.06603   0.04455   0.03838     0.149       579       640    0.1564    0.2359    0.1665   0.04325   0.09914   0.05208   0.03856
     4/299       17G     0.065   0.02691   0.03809      0.13       437       640    0.1612    0.2441    0.1847   0.05758    0.0976   0.04449   0.03835
     5/299       17G   0.06372   0.02176   0.03763    0.1231       373       640    0.1534    0.3048     0.184   0.07323   0.09528   0.04012   0.03799
     6/299       17G   0.06115    0.0206   0.03689    0.1186       441       640    0.1558    0.3183    0.2059   0.07703   0.09144   0.03867   0.03741
     7/299       17G   0.05813    0.0198   0.03569    0.1136       441       640    0.2023    0.3332    0.2536   0.08818   0.08604    0.0378   0.03652
     8/299       17G   0.05482   0.02086   0.03354    0.1092       602       640    0.2184    0.3812    0.2765   0.09766   0.08095   0.03713   0.03552
     9/299       17G   0.05267   0.02005   0.03032     0.103       371       640    0.2101     0.435    0.2846   0.08415   0.07678   0.03835   0.03505
    10/299       17G    0.0501    0.0201   0.02751   0.09771       454       640    0.2303    0.5288    0.3103    0.1246   0.07287   0.03937   0.03496
    11/299       17G   0.04699   0.02025   0.02549   0.09273       475       640    0.2805    0.5287    0.3702    0.1606   0.06973   0.03927    0.0349
    12/299       17G   0.04606   0.02113   0.02408   0.09127       438       640    0.2572    0.6806    0.3893    0.1627   0.06608   0.04115   0.03436
    13/299       17G   0.04572    0.0207   0.02279    0.0892       413       640     0.343    0.5303    0.4082    0.1992    0.0637   0.04055    0.0338
    14/299       17G   0.04292   0.02258   0.02161   0.08712       406       640    0.2912    0.6397    0.4657    0.2476    0.0609   0.04009   0.03297
    15/299       17G    0.0416   0.02181   0.01997   0.08338       483       640    0.3493    0.6369    0.4807    0.2484   0.05903   0.03831   0.03204
    16/299       17G   0.04096   0.02095   0.01827   0.08018       474       640    0.5086    0.6305     0.611    0.3209   0.05863   0.04107    0.0308
    17/299       17G   0.03986   0.02086   0.01701   0.07772       396       640    0.6206    0.7137    0.7292    0.3309   0.06287   0.04216   0.02987
    18/299       17G   0.03916   0.02186   0.01606   0.07708       552       640    0.8323    0.7884    0.8684    0.4269   0.05729   0.04046   0.02926
    19/299       17G   0.03786   0.02201    0.0146   0.07447       570       640    0.8625     0.842    0.8596    0.4309   0.05621   0.04377   0.02862
    20/299       17G   0.03807   0.02068   0.01346   0.07221       642       640    0.9067    0.8471    0.8858    0.4576   0.05571    0.0432   0.02786
    21/299       17G    0.0376   0.02107   0.01266   0.07134       503       640    0.9177    0.8808    0.9146    0.4679   0.05655   0.04234   0.02681
    22/299       17G   0.03792   0.01857   0.01138   0.06788       550       640    0.9074    0.8941    0.9098     0.449   0.05606   0.04699   0.02582
    23/299       17G   0.03657   0.01944   0.01018    0.0662       422       640     0.885    0.9094    0.9119    0.4929   0.05479   0.04671    0.0251
    24/299       17G    0.0371   0.01929  0.008902   0.06529       526       640    0.8801    0.9335    0.9077    0.4738   0.05519   0.04644   0.02388
    25/299       17G   0.03637   0.01873  0.007693   0.06279       396       640      0.86    0.9196    0.9102      0.47   0.05651   0.04669   0.02298
    26/299       17G   0.03569   0.01861  0.006726   0.06103       392       640     0.904    0.9232    0.9177    0.4814   0.05481   0.04829   0.02225
    27/299       17G   0.03515   0.01837  0.005683   0.05921       428       640    0.8899    0.9379    0.9312    0.4831    0.0551   0.05073   0.02149
    28/299       17G   0.03587   0.01832  0.005193   0.05938       461       640    0.9077    0.9539    0.9424    0.5135   0.05605   0.04986   0.02107
    29/299       17G   0.03527   0.01778  0.004705   0.05776       451       640    0.9185    0.9305    0.9508    0.5206   0.05411   0.05174   0.02074
    30/299       17G   0.03409   0.01845  0.004278   0.05682       467       640    0.8983    0.9422    0.9227    0.4855   0.05489   0.04996   0.02026
    31/299       17G   0.03796   0.02027  0.004368   0.06259       523       640    0.7794    0.7931    0.8629    0.3571     0.065   0.05941   0.01952
    32/299       17G   0.03851   0.01964  0.005021   0.06317       457       640    0.8633    0.9317    0.9223    0.4398   0.06003    0.0459   0.01918
    33/299       17G   0.03925   0.01826  0.004462   0.06197       590       640    0.8843    0.9299    0.9416    0.5047   0.06467   0.04608   0.01896
    34/299       17G   0.03844   0.01742  0.003777   0.05963       526       640    0.9061    0.9532    0.9387    0.5198   0.06037    0.0496   0.01859
    35/299       17G    0.0365   0.01735  0.002839    0.0567       441       640    0.9095    0.9532    0.9448    0.5256   0.06077   0.04841   0.01884
    36/299       17G   0.03614   0.01675  0.002565   0.05546       582       640    0.9037    0.9475    0.9403    0.4746   0.06069   0.04604   0.02016
    37/299       17G   0.03544   0.01698  0.002441   0.05486       454       640    0.8958    0.9345     0.925    0.4416   0.06162   0.05091   0.01924
    38/299       17G    0.0351   0.01622  0.002697   0.05402       443       640    0.8926    0.9663    0.9394    0.5115   0.05991    0.0464   0.01967
    39/299       17G   0.03447   0.01657  0.002519   0.05356       385       640    0.8946    0.9713    0.9364    0.4932   0.05993   0.04974   0.01898
    40/299       17G   0.03267    0.0177  0.002527    0.0529       446       640    0.9094     0.966     0.942    0.4916   0.05804   0.04856   0.01884
    41/299       17G    0.0341   0.01682    0.0021   0.05303       457       640     0.905    0.9498    0.9334    0.4391   0.05826   0.04858   0.01876
    42/299       17G   0.03275   0.01736  0.002238   0.05234       455       640    0.8986    0.9759    0.9395    0.5093    0.0566   0.04798   0.01938
    43/299       17G   0.03294   0.01658  0.001996   0.05152       370       640    0.9002     0.957    0.9385     0.505   0.05661    0.0509   0.01831
    44/299       17G   0.03212   0.01731  0.002124   0.05155       561       640    0.9081    0.9662    0.9425    0.5256   0.05262   0.04985   0.01924
    45/299       17G   0.03125   0.01711  0.002263   0.05063       524       640    0.9127    0.9545    0.9427    0.5348   0.05241   0.04971    0.0192
    46/299       17G   0.03306   0.01635  0.002075   0.05148       416       640    0.9024    0.9701     0.938    0.5311    0.0541   0.05002    0.0189
    47/299       17G   0.03184    0.0173  0.002311   0.05146       521       640    0.9203    0.9565    0.9454    0.5333   0.05149   0.05399   0.01879
    48/299       17G   0.03177   0.01714    0.0021   0.05101       415       640    0.9132    0.9619    0.9537    0.5507   0.05175    0.0547   0.01804
    49/299       17G   0.03104   0.01721  0.002046    0.0503       699       640    0.9162    0.9677    0.9559    0.5393   0.05141   0.05491   0.01864
    50/299       17G   0.03144   0.01586   0.00218   0.04947       354       640    0.9065    0.9755    0.9524    0.5335   0.05272   0.05295   0.01855
    51/299       17G   0.03096   0.01655  0.001915   0.04942       416       640    0.9042    0.9711     0.941    0.5276   0.05066   0.05435   0.01868
    52/299       17G   0.03229   0.01665   0.00189   0.05082       691       640    0.8984    0.9415    0.9478    0.5421   0.05431   0.05297   0.01839
    53/299       17G   0.03066   0.01676  0.002236   0.04965       578       640    0.9203    0.9534    0.9409    0.5355   0.05228   0.05111   0.01781
    54/299       17G   0.03179   0.01676  0.002197   0.05074       435       640    0.9033    0.9667      0.95    0.5496   0.05644   0.05229   0.01715
    55/299       17G   0.03143   0.01644  0.001798   0.04966       489       640    0.9131    0.9685    0.9465    0.5467   0.05184   0.05294   0.01724
    56/299       17G   0.03048   0.01591  0.001981   0.04836       450       640    0.9092    0.9713    0.9449    0.5519   0.05006   0.05442   0.01814
    57/299       17G   0.03064   0.01589  0.001545   0.04807       559       640    0.9064     0.973    0.9443    0.5327    0.0516   0.05618   0.01789
    58/299       17G   0.03063   0.01683  0.001852    0.0493       443       640    0.8935    0.9559    0.9204    0.4653   0.05453   0.05101    0.0184
    59/299       17G   0.03058    0.0165  0.001898   0.04898       427       640    0.9077    0.9686    0.9345    0.5385   0.04964   0.05453   0.01868
    60/299       17G   0.03036   0.01536  0.001905   0.04762       456       640    0.9025    0.9767    0.9426    0.5434   0.05121   0.05428   0.01857
    61/299       17G   0.03045   0.01585  0.001766   0.04807       491       640    0.9044    0.9601    0.9321    0.5049   0.05329   0.05331   0.01808
    62/299       17G   0.02929   0.01654  0.001859   0.04769       598       640     0.915    0.9572    0.9433    0.5157   0.05202    0.0563   0.01747
    63/299       17G   0.02921   0.01574  0.001935   0.04689       554       640     0.909    0.9681    0.9452    0.5371   0.04917    0.0581   0.01775
    64/299       17G   0.02972   0.01635   0.00167   0.04773       426       640    0.9057    0.9674    0.9483    0.5557   0.05088   0.05583   0.01832
    65/299       17G   0.02881   0.01538  0.001742   0.04593       469       640    0.9103    0.9701    0.9424    0.5425   0.05011    0.0576   0.01765
    66/299       17G   0.02864   0.01519  0.001604   0.04543       555       640    0.9087    0.9723    0.9445    0.5554   0.04851   0.05639    0.0189
    67/299       17G   0.02853    0.0154  0.001524   0.04545       488       640    0.9075    0.9743    0.9392     0.541   0.04834   0.05969    0.0186
    68/299       17G   0.02841   0.01596  0.001588   0.04596       462       640     0.919    0.9542    0.9324    0.5319   0.04937   0.05643   0.01849
    69/299       17G   0.02799   0.01547  0.001471   0.04493       326       640    0.8965    0.9596    0.9203     0.516   0.05134   0.05695    0.0182
    70/299       17G   0.02832   0.01615  0.001505   0.04597       577       640    0.9076    0.9653     0.947    0.5557   0.05002   0.05729   0.01895
    71/299       17G   0.02781    0.0153  0.001548   0.04466       465       640    0.9071    0.9627    0.9436    0.5705   0.04821   0.06086    0.0186
    72/299       17G   0.02825   0.01548  0.001732   0.04545       467       640    0.9163    0.9562    0.9382    0.5531    0.0493   0.05961   0.01829
    73/299       17G   0.02826   0.01498    0.0017   0.04494       435       640    0.9212    0.9558    0.9395     0.544   0.04814   0.06064   0.01827
    74/299       17G   0.02721   0.01627  0.001751   0.04523       487       640    0.9065    0.9712    0.9453    0.5559   0.04888   0.05921   0.01815
    75/299       17G   0.02709   0.01589  0.001728    0.0447       382       640    0.9007    0.9779    0.9384    0.5617   0.04968    0.0575    0.0179
    76/299       17G   0.02797   0.01535  0.001759   0.04508       435       640    0.9075     0.959    0.9381    0.5481   0.04893   0.06138   0.01707
    77/299       17G   0.02667   0.01524  0.001373   0.04328       431       640    0.9158    0.9629    0.9447    0.5695   0.04777   0.05953    0.0176
    78/299       17G   0.02771   0.01506  0.001506   0.04427       488       640    0.9148     0.963    0.9381    0.5517   0.04857   0.06264   0.01751
    79/299       17G   0.02747   0.01514  0.001649   0.04426       537       640    0.9135    0.9621    0.9467    0.5651   0.04773   0.06413   0.01808
    80/299       17G   0.02638   0.01542  0.001505   0.04331       491       640    0.9095    0.9649    0.9447    0.5602   0.04838   0.06226   0.01774
    81/299       17G   0.02653   0.01535  0.001445   0.04333       635       640    0.9163    0.9663    0.9485    0.5774   0.04774   0.06202   0.01768
    82/299       17G   0.02632   0.01532   0.00146    0.0431       551       640    0.9087    0.9719    0.9369    0.5586   0.04734   0.06229   0.01858
    83/299       17G   0.02672   0.01488  0.001383   0.04298       574       640    0.8987    0.9818    0.9419    0.5673   0.04842   0.06093   0.01876
    84/299       17G   0.02642   0.01401  0.001329   0.04176       424       640    0.9071    0.9643    0.9398    0.5574   0.04862   0.06023   0.01818
    85/299       17G   0.02622   0.01518  0.001573   0.04297       521       640    0.9055    0.9719     0.941    0.5524   0.04736   0.06323   0.01806
    86/299       17G   0.02593     0.015  0.001414   0.04235       501       640    0.9137    0.9614    0.9392    0.5581   0.04736   0.06195   0.01774
    87/299       17G   0.02554   0.01468   0.00149   0.04171       472       640    0.9026    0.9742    0.9391    0.5602   0.04764   0.06354   0.01807
    88/299       17G   0.02582   0.01472  0.001273   0.04181       543       640    0.9117    0.9685    0.9447     0.558   0.04752   0.06456     0.018
    89/299       17G   0.02643    0.0152   0.00142   0.04305       503       640    0.9047    0.9737    0.9443    0.5549   0.04683   0.06696   0.01779
    90/299       17G   0.02606   0.01453  0.001559   0.04215       523       640    0.9096    0.9673    0.9424     0.556   0.04741   0.06287   0.01825
    91/299       17G   0.02579   0.01465  0.001264    0.0417       429       640    0.9109    0.9725    0.9431    0.5585   0.04727   0.06326   0.01899
    92/299       17G   0.02572   0.01492  0.001162    0.0418       405       640    0.8997    0.9826    0.9465    0.5684   0.04777   0.05953   0.01936
    93/299       17G   0.02611   0.01391   0.00133   0.04135       293       640    0.9132    0.9587    0.9401    0.5634   0.04831   0.06517   0.01867
    94/299       17G   0.02554   0.01595  0.001367   0.04286       525       640    0.9075    0.9764    0.9389    0.5636    0.0481   0.06487   0.01859
    95/299       17G   0.02547   0.01478  0.001421   0.04167       505       640    0.9114    0.9698    0.9423     0.561   0.04733   0.06376   0.01858
    96/299       17G   0.02662   0.01401  0.001564   0.04219       466       640    0.8959    0.9764    0.9417    0.5644   0.04727    0.0669   0.01863
    97/299       17G   0.02528    0.0145  0.001209     0.041       556       640    0.9147    0.9613    0.9402    0.5681   0.04668    0.0643   0.01823
    98/299       17G   0.02473   0.01447   0.00115   0.04036       565       640    0.8999    0.9804    0.9417    0.5702   0.04786   0.06342   0.01863
    99/299       17G   0.02566   0.01475  0.001147   0.04156       490       640    0.9158    0.9632    0.9409    0.5622    0.0471   0.06398   0.01861
   100/299       17G   0.02553   0.01502  0.001267   0.04181       544       640    0.9195    0.9597      0.95    0.5695   0.04742   0.06702   0.01872
   101/299       17G   0.02497   0.01513  0.001258   0.04136       469       640     0.904     0.971    0.9471    0.5572   0.04932   0.06313   0.01894
   102/299       17G   0.02477   0.01457  0.001243   0.04058       401       640     0.917    0.9509    0.9418      0.56   0.04942   0.06131   0.01896
   103/299       17G    0.0253   0.01469  0.001449   0.04144       552       640    0.9043    0.9784    0.9365    0.5646    0.0481   0.06456   0.01862
   104/299       17G    0.0253   0.01459  0.001432   0.04132       615       640    0.9053    0.9678    0.9336    0.5584    0.0483   0.06464   0.01854
   105/299       17G   0.02533   0.01504    0.0014   0.04177       626       640    0.9125    0.9696    0.9418    0.5553   0.04762   0.06556   0.01845
   106/299       17G   0.02467   0.01456  0.001448   0.04068       411       640    0.9057    0.9735    0.9366    0.5549   0.04913   0.06323   0.01839
   107/299       17G   0.02438   0.01443  0.001139   0.03995       390       640    0.9039    0.9656     0.939    0.5678   0.04894   0.06062    0.0188
   108/299       17G   0.02401   0.01472  0.001299   0.04002       518       640    0.9116    0.9639    0.9441    0.5737   0.04848   0.06244     0.019
   109/299       17G   0.02454   0.01535  0.001332   0.04122       409       640    0.9076    0.9692    0.9431    0.5717   0.04729   0.06636    0.0187
   110/299       17G   0.02548   0.01492  0.001164   0.04157       371       640    0.9073    0.9749    0.9457    0.5632   0.04827   0.06519   0.01876
   111/299       17G   0.02463   0.01413  0.001047   0.03981       523       640    0.9118    0.9729    0.9454    0.5667   0.04829   0.06555   0.01891
   112/299       17G   0.02417    0.0148   0.00136   0.04033       487       640    0.9196    0.9655    0.9496    0.5711   0.04686   0.06408   0.01945
   113/299       17G   0.02359   0.01456  0.001166   0.03932       528       640    0.9055    0.9731    0.9443    0.5712   0.04639   0.06467    0.0191
   114/299       17G   0.02404   0.01414  0.001166   0.03934       480       640    0.9134    0.9516    0.9415    0.5626   0.04796   0.06361    0.0195
   115/299       17G   0.02536   0.01445  0.001006   0.04082       456       640    0.9002    0.9708    0.9342    0.5567   0.04705   0.06662   0.01979
   116/299       17G   0.02412   0.01459  0.001305   0.04002       461       640     0.917    0.9455    0.9369    0.5598   0.04807   0.06425   0.02012
   117/299       17G   0.02405   0.01501   0.00108   0.04014       614       640    0.9126    0.9533    0.9427     0.564   0.04791   0.06471   0.01936
   118/299       17G   0.02397   0.01451  0.001026    0.0395       347       640    0.8909    0.9757    0.9378    0.5688   0.04698   0.06603   0.01931
   119/299       17G   0.02378   0.01458  0.000924   0.03928       547       640    0.9131     0.958    0.9361    0.5594   0.04712   0.06747   0.01999
   120/299       17G   0.02501   0.01494 0.0009737   0.04092       603       640    0.9138    0.9614    0.9353    0.5593   0.04803    0.0663   0.01914
   121/299       17G    0.0241   0.01458 0.0009615   0.03964       585       640    0.9016    0.9642    0.9375    0.5542   0.04821    0.0672   0.01967
   122/299       17G    0.0235   0.01329  0.001227   0.03802       546       640    0.9093    0.9617    0.9382    0.5595   0.04776   0.06546   0.02017
   123/299       17G   0.02325    0.0143  0.001118   0.03867       442       640    0.9077    0.9578    0.9374    0.5629   0.04758   0.06604   0.02013
   124/299       17G    0.0235   0.01322  0.001082    0.0378       446       640    0.9148    0.9538     0.945    0.5675   0.04757    0.0669   0.02018
   125/299       17G    0.0239   0.01473 0.0009334   0.03957       502       640    0.9057     0.971    0.9385    0.5583   0.04744   0.06888   0.01952
   126/299       17G   0.02368   0.01442  0.001098   0.03919       560       640    0.9091    0.9655    0.9432    0.5683   0.04738   0.06729   0.02008
   127/299       17G   0.02343   0.01372 0.0009245   0.03807       459       640    0.9279    0.9398    0.9446    0.5658   0.04767   0.06772   0.02051
   128/299       17G   0.02326   0.01382  0.001271   0.03835       465       640    0.9132    0.9632    0.9471    0.5675   0.04723   0.06564   0.01987
   129/299       17G   0.02361   0.01399  0.001076   0.03868       567       640    0.9123    0.9643    0.9478    0.5733    0.0465   0.06678   0.01941
   130/299       17G   0.02317   0.01407  0.001148   0.03839       416       640    0.9089    0.9728    0.9471    0.5695   0.04713   0.06708   0.02002
   131/299       17G    0.0226   0.01401  0.001057   0.03767       490       640    0.9067    0.9702    0.9478    0.5721   0.04725   0.06696   0.02021
   132/299       17G   0.02295   0.01387 0.0009221   0.03775       467       640    0.9023     0.965    0.9371    0.5663   0.04722   0.07034    0.0205
   133/299       17G   0.02332    0.0141  0.001047   0.03847       468       640    0.8997    0.9696    0.9379    0.5669    0.0472   0.06791    0.0207
   134/299       17G   0.02289   0.01402 0.0009945   0.03791       472       640    0.9123    0.9613    0.9439    0.5602   0.04707   0.06974   0.02044
   135/299       17G   0.02247   0.01446  0.001148   0.03808       516       640     0.912     0.962    0.9405    0.5701   0.04692    0.0693   0.02042
   136/299       17G    0.0231   0.01407 0.0009779   0.03814       448       640    0.9152    0.9619    0.9409     0.565   0.04733   0.06806   0.02123
   137/299       17G    0.0228   0.01471 0.0009758   0.03849       614       640    0.9279    0.9585    0.9406      0.56   0.04724   0.06956   0.02065
   138/299       17G   0.02229   0.01451 0.0008896   0.03769       568       640    0.9191    0.9629    0.9406    0.5584   0.04655   0.06948   0.02084
   139/299       17G   0.02268   0.01321 0.0008926   0.03678       485       640    0.9187    0.9544    0.9383     0.556   0.04683   0.06985   0.02125
   140/299       17G   0.02269   0.01379  0.001036   0.03751       403       640    0.9078     0.964    0.9352    0.5532   0.04648   0.07028   0.02075
   141/299       17G   0.02215   0.01384 0.0009813   0.03697       541       640    0.9163    0.9543    0.9391    0.5589   0.04701   0.07062   0.02126
   142/299       17G   0.02206   0.01392  0.000971   0.03695       344       640    0.9114    0.9605    0.9361    0.5624   0.04652   0.07011   0.02174
   143/299       17G   0.02308   0.01416 0.0008178   0.03806       482       640    0.9208    0.9535    0.9371    0.5603   0.04684   0.07059   0.02075
   144/299       17G   0.02253   0.01342 0.0009072   0.03685       531       640    0.9104    0.9569    0.9387    0.5604   0.04712   0.06939   0.02048
   145/299       17G   0.02209     0.014 0.0008967   0.03699       471       640    0.9137    0.9645    0.9405    0.5595   0.04672   0.07078   0.02069
   146/299       17G    0.0222   0.01387 0.0007666   0.03684       493       640    0.8889    0.9713    0.9324    0.5566   0.04705   0.07325   0.02121
   147/299       17G   0.02174   0.01395 0.0008745   0.03656       656       640    0.8986    0.9734    0.9387    0.5553   0.04772   0.07252   0.02104
   148/299       17G   0.02203   0.01408   0.00089   0.03701       524       640     0.915    0.9587    0.9383    0.5547   0.04728    0.0721   0.02128
   149/299       17G   0.02216   0.01435  0.000988    0.0375       482       640    0.9138    0.9573    0.9372    0.5581    0.0473     0.071   0.02184
   150/299       17G   0.02144   0.01406 0.0008041   0.03631       481       640    0.9067    0.9574    0.9419    0.5639   0.04687   0.07256   0.02229
   151/299       17G   0.02186   0.01358 0.0008838   0.03632       496       640    0.9159    0.9542    0.9421    0.5682   0.04697   0.07417   0.02248
   152/299       17G   0.02188   0.01314 0.0007961   0.03582       425       640    0.9195    0.9539    0.9431    0.5663   0.04663   0.07333   0.02169
   153/299       17G    0.0216    0.0144 0.0007468   0.03675       492       640    0.9144    0.9583    0.9341    0.5562   0.04702   0.07365    0.0221
   154/299       17G   0.02216   0.01376 0.0008116   0.03673       533       640    0.9053     0.953    0.9339    0.5541   0.04725   0.07427   0.02218
   155/299       17G   0.02228   0.01283 0.0008409   0.03595       465       640    0.9044    0.9567    0.9355    0.5556   0.04702   0.07242   0.02199
   156/299       17G   0.02157   0.01359 0.0007908   0.03595       511       640    0.9081    0.9648    0.9383    0.5576   0.04698   0.07152   0.02219
   157/299       17G   0.02195   0.01322 0.0007718   0.03595       407       640    0.9005     0.969    0.9365    0.5602   0.04735   0.07324   0.02225
   158/299       17G   0.02119   0.01384 0.0007294   0.03575       513       640    0.9072    0.9511    0.9337    0.5542   0.04735   0.07272   0.02233
   159/299       17G   0.02156   0.01347  0.000869    0.0359       478       640    0.9161    0.9507    0.9388    0.5585   0.04709    0.0738   0.02188
   160/299       17G   0.02114   0.01398 0.0007436   0.03586       517       640    0.9057    0.9599      0.94    0.5577   0.04705   0.07389   0.02258
   161/299       17G   0.02107   0.01379 0.0006972   0.03555       490       640    0.9133    0.9471    0.9397    0.5539    0.0477   0.07109   0.02308
   162/299       17G   0.02071   0.01341 0.0007889    0.0349       481       640    0.9039    0.9604    0.9428    0.5612   0.04674   0.07448   0.02312
   163/299       17G   0.02186   0.01335 0.0006411   0.03585       499       640    0.9072    0.9564    0.9316    0.5544   0.04723   0.07361   0.02344
   164/299       17G    0.0211   0.01319 0.0009153    0.0352       303       640    0.9024    0.9597    0.9292    0.5482   0.04731   0.07277   0.02293
   165/299       17G   0.02083   0.01299 0.0007323   0.03454       487       640    0.9162    0.9527    0.9349    0.5514   0.04733   0.07441   0.02215
   166/299       17G   0.02062   0.01314    0.0007   0.03446       482       640    0.9164    0.9508    0.9328    0.5486   0.04699   0.07662   0.02257
   167/299       17G   0.02095   0.01364 0.0008583   0.03544       523       640    0.9025    0.9728    0.9381    0.5485   0.04696   0.07695   0.02188
   168/299       17G   0.02119   0.01311 0.0007996    0.0351       472       640     0.924    0.9538    0.9356    0.5485   0.04709   0.07565   0.02203
   169/299       17G   0.02103   0.01333   0.00074    0.0351       498       640    0.9145    0.9668     0.936    0.5514   0.04662   0.07586   0.02172
   170/299       17G   0.02079   0.01405 0.0008217   0.03567       573       640      0.91    0.9561    0.9364     0.558    0.0465   0.07651   0.02147
   171/299       17G   0.02091   0.01371 0.0008356   0.03545       478       640    0.9121    0.9552    0.9326    0.5542   0.04646   0.07489    0.0218
   172/299       17G   0.02059   0.01368 0.0007439   0.03501       596       640    0.9097      0.96    0.9351     0.555   0.04665   0.07574   0.02207
   173/299       17G   0.02095     0.013 0.0007738   0.03472       451       640    0.8981    0.9659    0.9327    0.5443   0.04699   0.07617   0.02228
   174/299       17G   0.02038   0.01327 0.0008374   0.03449       554       640    0.9041    0.9571    0.9335    0.5494   0.04683   0.07755   0.02205
   175/299       17G   0.02071   0.01366 0.0008069   0.03518       515       640    0.8911    0.9688    0.9349    0.5577   0.04709   0.07513   0.02283
   176/299       17G   0.02035   0.01389 0.0006622    0.0349       432       640     0.904    0.9685     0.938    0.5522   0.04668   0.07703   0.02302
   177/299       17G   0.02024   0.01271 0.0007589    0.0337       479       640    0.8951    0.9636    0.9402    0.5544   0.04668   0.07726   0.02294
   178/299       17G   0.02024   0.01269 0.0006485   0.03358       509       640     0.894    0.9652    0.9346    0.5535    0.0466    0.0768     0.023
   179/299       17G   0.02001   0.01328 0.0006149   0.03391       456       640    0.8976    0.9592    0.9329    0.5547   0.04667    0.0758   0.02306
   180/299       17G    0.0203   0.01315 0.0006288   0.03408       660       640    0.9196    0.9461    0.9386    0.5558   0.04666   0.07519   0.02321
   181/299       17G   0.02098    0.0139 0.0007372   0.03562       482       640    0.9145    0.9568    0.9458    0.5573   0.04646    0.0789   0.02243
   182/299       17G    0.0204   0.01316 0.0006414    0.0342       587       640    0.9124    0.9503    0.9435    0.5607   0.04667   0.07742    0.0229
   183/299       17G   0.02008   0.01255 0.0007134   0.03334       430       640    0.9121    0.9471    0.9372    0.5554    0.0469   0.07849   0.02366
   184/299       17G      0.02    0.0131 0.0005997    0.0337       450       640    0.9142    0.9457     0.939    0.5521   0.04653   0.07711   0.02258
   185/299       17G   0.01962   0.01336 0.0007982   0.03378       375       640    0.9061    0.9487    0.9337    0.5476   0.04667   0.07723   0.02244
   186/299       17G      0.02   0.01227 0.0006601   0.03294       583       640    0.8896    0.9625    0.9373    0.5546   0.04719   0.07535   0.02366
   187/299       17G   0.02007   0.01279 0.0006167   0.03348       434       640    0.9111    0.9466    0.9369    0.5533   0.04732   0.07677    0.0237
   188/299       17G   0.01985   0.01271 0.0007149   0.03328       585       640    0.9047    0.9512    0.9335    0.5525     0.047   0.07695   0.02336
   189/299       17G   0.01987   0.01221 0.0006064   0.03269       424       640    0.9099    0.9527    0.9362    0.5524   0.04671    0.0792   0.02329
   190/299       17G      0.02   0.01274 0.0006165   0.03335       513       640    0.9153    0.9493    0.9358    0.5516   0.04669   0.07826   0.02306
   191/299       17G   0.01982     0.013 0.0006342   0.03346       451       640    0.8999    0.9645    0.9334    0.5475   0.04686   0.08047   0.02266
   192/299       17G   0.01936   0.01328 0.0006922   0.03332       474       640    0.9179     0.941    0.9338    0.5535   0.04667   0.07876   0.02295
   193/299       17G   0.01944   0.01276  0.000635   0.03284       455       640    0.9059    0.9611    0.9403    0.5516   0.04648   0.08062   0.02316
   194/299       17G   0.01955   0.01288 0.0006576   0.03309       363       640    0.9104    0.9576    0.9388    0.5526   0.04622   0.08117   0.02297
   195/299       17G   0.01951   0.01284 0.0006519     0.033       472       640    0.9172    0.9583    0.9399    0.5505   0.04625   0.08096   0.02306
   196/299       17G   0.01974   0.01227 0.0006215   0.03264       431       640    0.9083     0.958    0.9383    0.5506   0.04676    0.0818   0.02293
   197/299       17G   0.01905    0.0128 0.0005468   0.03239       415       640    0.9112    0.9576    0.9381    0.5566   0.04626   0.08073   0.02308
   198/299       17G    0.0192   0.01263 0.0006814   0.03251       420       640    0.8992    0.9603    0.9376    0.5519   0.04683   0.08128   0.02357
   199/299       17G   0.01932   0.01285 0.0006511   0.03282       437       640    0.8966     0.958    0.9367    0.5525    0.0468   0.08123   0.02324
   200/299       17G   0.01883   0.01231 0.0005187   0.03166       405       640     0.914    0.9454    0.9352    0.5515   0.04641   0.08231   0.02365
   201/299       17G   0.01898   0.01311 0.0005813   0.03267       556       640     0.896    0.9714    0.9326    0.5447   0.04639   0.08198   0.02337
   202/299       17G   0.01933   0.01289 0.0007018   0.03293       476       640    0.8933    0.9721    0.9314    0.5438    0.0467   0.08035   0.02338
   203/299       17G   0.01915   0.01281 0.0007457    0.0327       520       640    0.9129    0.9598    0.9376     0.549   0.04685    0.0803   0.02396
   204/299       17G    0.0188   0.01236 0.0005991   0.03177       373       640    0.9054    0.9553    0.9306    0.5472   0.04686   0.08065   0.02404
   205/299       17G   0.01895   0.01287 0.0005572   0.03238       447       640    0.9123    0.9468    0.9275    0.5412   0.04703   0.08063    0.0241
   206/299       17G   0.01892   0.01236  0.000571   0.03185       508       640    0.9123    0.9488    0.9334    0.5504   0.04667    0.0834   0.02407
   207/299       17G   0.01876   0.01266 0.0005826     0.032       360       640    0.9104    0.9548    0.9399    0.5434    0.0466   0.08385   0.02393
   208/299       17G   0.01872   0.01166 0.0005512   0.03093       475       640    0.9081    0.9554    0.9364    0.5499   0.04642    0.0845   0.02362
   209/299       17G   0.01857   0.01266 0.0005609   0.03179       673       640    0.9037    0.9552    0.9365    0.5512   0.04674   0.08318   0.02365
   210/299       17G    0.0186   0.01298 0.0004548   0.03204       440       640    0.9102    0.9452    0.9404    0.5508   0.04638   0.08429   0.02408
   211/299       17G   0.01806   0.01274 0.0006388   0.03144       430       640    0.9015    0.9594    0.9414    0.5541   0.04626   0.08299   0.02498
   212/299       17G   0.01814   0.01297  0.000524   0.03164       462       640    0.9159    0.9455    0.9408    0.5522   0.04648   0.08408   0.02467
   213/299       17G   0.01842   0.01232 0.0005519    0.0313       411       640    0.9072    0.9592    0.9342    0.5529    0.0464   0.08187   0.02449
   214/299       17G   0.01848   0.01369 0.0006375    0.0328       556       640    0.9076    0.9606    0.9361    0.5489   0.04676   0.08244    0.0245
   215/299       17G   0.01814   0.01217 0.0005808   0.03089       390       640    0.9211    0.9362    0.9383    0.5533   0.04687   0.08224   0.02511
   216/299       17G   0.01852   0.01303 0.0004829   0.03204       518       640    0.9039    0.9526    0.9398    0.5515   0.04694   0.08193   0.02535
   217/299       17G   0.01827   0.01239 0.0005152   0.03117       513       640    0.9152    0.9522    0.9415    0.5479     0.047   0.08447   0.02493
   218/299       17G   0.01805   0.01186 0.0005279   0.03043       365       640    0.9121    0.9491    0.9401    0.5461   0.04682   0.08351   0.02466
   219/299       17G   0.01805   0.01219 0.0005401   0.03078       528       640    0.9164    0.9461      0.94    0.5552   0.04667   0.08522   0.02475
   220/299       17G   0.01846   0.01224 0.0007743   0.03148       545       640    0.9057    0.9613    0.9418    0.5538   0.04662   0.08525   0.02437
   221/299       17G   0.01812    0.0126 0.0005823    0.0313       593       640    0.9074    0.9488    0.9374    0.5486   0.04669   0.08473   0.02468
   222/299       17G   0.01802   0.01195 0.0005207   0.03048       543       640    0.9121    0.9447    0.9362    0.5512   0.04675   0.08495   0.02499
   223/299       17G   0.01797   0.01212 0.0004393   0.03053       559       640    0.8907    0.9729    0.9383    0.5445   0.04667    0.0848   0.02511
   224/299       17G   0.01817   0.01228 0.0005324   0.03098       473       640    0.9015    0.9617    0.9373    0.5475   0.04651   0.08482   0.02475
   225/299       17G   0.01794   0.01165 0.0005215   0.03011       365       640    0.9033    0.9608    0.9406    0.5479   0.04644   0.08396   0.02436
   226/299       17G   0.01769   0.01144 0.0004726    0.0296       433       640    0.9176    0.9469    0.9388    0.5446    0.0464   0.08441   0.02482
   227/299       17G   0.01782     0.012  0.000594   0.03042       375       640    0.9048    0.9615    0.9367    0.5479   0.04619   0.08512   0.02516
   228/299       17G   0.01779     0.012 0.0005727   0.03036       410       640    0.9024    0.9614    0.9352    0.5492    0.0463   0.08511   0.02516
   229/299       17G    0.0179   0.01206 0.0005261   0.03048       518       640    0.9105    0.9456    0.9301    0.5532   0.04633   0.08572     0.025
   230/299       17G    0.0176   0.01285 0.0005571     0.031       536       640    0.9071    0.9502     0.931    0.5519    0.0465   0.08522   0.02523
   231/299       17G   0.01793   0.01255 0.0006155    0.0311       494       640    0.9001    0.9693    0.9398    0.5508   0.04658   0.08495   0.02548
   232/299       17G   0.01758   0.01233 0.0003855    0.0303       431       640    0.9075    0.9563    0.9377    0.5482   0.04676   0.08463   0.02549
   233/299       17G    0.0175   0.01231 0.0005356   0.03035       480       640    0.8931      0.97    0.9364    0.5468   0.04668   0.08619   0.02526
   234/299       17G   0.01752   0.01273 0.0004485   0.03069       493       640    0.8938    0.9639    0.9319    0.5459   0.04659   0.08697   0.02533
   235/299       17G   0.01744   0.01193 0.0005023   0.02987       514       640    0.9124    0.9429    0.9296    0.5441   0.04676   0.08657   0.02524
   236/299       17G   0.01724    0.0121 0.0005492   0.02989       643       640    0.9042    0.9529    0.9286    0.5415   0.04681   0.08713    0.0251
   237/299       17G   0.01717   0.01148 0.0005179   0.02917       499       640    0.9072    0.9516    0.9329    0.5396   0.04693   0.08786   0.02477
   238/299       17G   0.01709   0.01144 0.0004841   0.02902       498       640    0.9061    0.9543    0.9331    0.5417   0.04678   0.08769   0.02471
   239/299       17G   0.01743   0.01269 0.0005602   0.03068       457       640    0.9105    0.9517    0.9372    0.5417   0.04636   0.08721   0.02457
   240/299       17G   0.01711   0.01208 0.0005349   0.02973       522       640    0.8945    0.9709    0.9392    0.5446   0.04647    0.0867   0.02435
   241/299       17G   0.01696   0.01227 0.0004346   0.02966       406       640    0.9074    0.9556    0.9336     0.543   0.04642   0.08692   0.02478
   242/299       17G   0.01716   0.01182 0.0004902   0.02947       537       640    0.9007     0.969    0.9349    0.5464   0.04624    0.0883   0.02507
   243/299       17G   0.01724   0.01275 0.0004733   0.03046       553       640    0.9001    0.9596    0.9313    0.5473   0.04637   0.08826   0.02535
   244/299       17G   0.01725   0.01255 0.0004613   0.03026       434       640    0.9161     0.949    0.9367    0.5443   0.04658   0.08858   0.02534
   245/299       17G   0.01727    0.0114 0.0005801   0.02925       526       640    0.8966    0.9681      0.94    0.5501   0.04643   0.08798   0.02526
   246/299       17G   0.01719   0.01192 0.0005259   0.02964       450       640    0.9046    0.9628    0.9397    0.5467   0.04652   0.08824   0.02542
   247/299       17G   0.01674   0.01199  0.000559   0.02929       458       640    0.9084    0.9602    0.9374    0.5487   0.04637    0.0892   0.02513
   248/299       17G   0.01712   0.01169  0.000605   0.02941       567       640    0.8965    0.9625    0.9299    0.5452   0.04635   0.08998   0.02513
   249/299       17G   0.01697   0.01248 0.0004344   0.02989       495       640    0.9107    0.9484    0.9318    0.5444   0.04637   0.08983   0.02537
   250/299       17G   0.01694   0.01193 0.0004538   0.02932       590       640    0.9048    0.9541    0.9322    0.5472   0.04642    0.0896   0.02577
   251/299       17G   0.01706   0.01141 0.0004915   0.02896       477       640    0.9106    0.9513    0.9342    0.5478   0.04633   0.08887   0.02604
   252/299       17G   0.01676   0.01203 0.0005464   0.02933       582       640    0.9037    0.9611     0.937    0.5498   0.04648   0.08833   0.02602
   253/299       17G   0.01689   0.01147 0.0005628   0.02893       517       640    0.8981    0.9619    0.9362    0.5472   0.04662    0.0883   0.02599
   254/299       17G   0.01706   0.01165 0.0005438   0.02925       416       640     0.891    0.9694    0.9392    0.5507   0.04668   0.08934   0.02612
   255/299       17G   0.01673   0.01134 0.0004319    0.0285       448       640       0.9    0.9581    0.9375     0.553    0.0465   0.08901   0.02597
   256/299       17G   0.01688   0.01186 0.0004971   0.02924       447       640    0.8986    0.9607    0.9386    0.5497   0.04656   0.08951   0.02574
   257/299       17G    0.0168   0.01229 0.0005845   0.02967       611       640    0.8986    0.9693    0.9351    0.5467   0.04653   0.08985   0.02554
   258/299       17G   0.01691   0.01204 0.0003984   0.02934       511       640    0.8918    0.9703    0.9344    0.5487   0.04652   0.09115    0.0256
   259/299       17G   0.01698   0.01192 0.0004327   0.02933       532       640    0.9127    0.9491    0.9354    0.5521   0.04636    0.0908   0.02579
   260/299       17G   0.01668   0.01154  0.000459   0.02868       468       640    0.8926    0.9663     0.937    0.5537   0.04638   0.09047   0.02602
   261/299       17G   0.01663   0.01195  0.000423     0.029       577       640    0.9077    0.9504    0.9368    0.5508   0.04654   0.09109   0.02634
   262/299       17G   0.01664   0.01201 0.0003715   0.02901       435       640    0.9094    0.9501    0.9344    0.5462   0.04658   0.09048   0.02643
   263/299       17G   0.01681   0.01225 0.0006804   0.02974       403       640     0.914    0.9488    0.9343    0.5487   0.04659   0.08919   0.02651
   264/299       17G   0.01652   0.01166  0.000439   0.02862       492       640    0.9115    0.9477    0.9326     0.551   0.04658    0.0895   0.02623
   265/299       17G   0.01642   0.01158 0.0004923   0.02849       459       640    0.9181    0.9479    0.9342    0.5474   0.04657   0.09073   0.02618
   266/299       17G   0.01652   0.01151 0.0004047   0.02843       499       640    0.9115     0.946    0.9311    0.5464   0.04666   0.09015   0.02601
   267/299       17G   0.01631   0.01059 0.0004119   0.02731       543       640    0.9229    0.9287    0.9302    0.5421   0.04686   0.09011   0.02605
   268/299       17G   0.01662   0.01162 0.0004146   0.02865       473       640    0.9001    0.9477    0.9285    0.5458   0.04671   0.09111   0.02615
   269/299       17G   0.01633    0.0117 0.0003879   0.02842       409       640    0.9028    0.9517    0.9272    0.5429   0.04649   0.09049   0.02614
   270/299       17G   0.01681   0.01183 0.0004648    0.0291       508       640     0.906    0.9442    0.9255    0.5433   0.04658   0.09102   0.02595
   271/299       17G    0.0159   0.01129 0.0003719   0.02756       376       640    0.8992    0.9503     0.927    0.5424   0.04666   0.09074   0.02601
   272/299       17G   0.01603   0.01155 0.0005276   0.02811       493       640    0.8905    0.9585    0.9301    0.5424   0.04678   0.09074   0.02641
   273/299       17G   0.01628   0.01124 0.0004836     0.028       357       640    0.8934    0.9618    0.9301    0.5454   0.04675   0.09046   0.02641
   274/299       17G   0.01609   0.01081 0.0005006    0.0274       438       640    0.9007    0.9584    0.9296    0.5442    0.0466   0.09103   0.02613
   275/299       17G   0.01622   0.01044 0.0004971   0.02716       435       640    0.8985    0.9579    0.9334    0.5495   0.04659   0.09115     0.026
   276/299       17G   0.01645   0.01181 0.0004098   0.02867       507       640    0.8989    0.9543    0.9354    0.5515   0.04652   0.09089   0.02608
   277/299       17G   0.01599   0.01097 0.0004158   0.02738       505       640    0.9014    0.9573    0.9344    0.5532   0.04664   0.09056   0.02635
   278/299       17G   0.01607   0.01178 0.0004941   0.02835       688       640    0.8974    0.9587    0.9357    0.5475    0.0467   0.09058   0.02668
   279/299       17G   0.01618   0.01117 0.0004373   0.02778       651       640    0.9006    0.9572    0.9377    0.5486   0.04664    0.0903   0.02658
   280/299       17G   0.01645   0.01146 0.0005059   0.02842       479       640    0.9023    0.9588    0.9343    0.5465   0.04675   0.09067   0.02656
   281/299       17G   0.01602   0.01165 0.0003667   0.02803       444       640    0.9198    0.9462    0.9375    0.5446   0.04682   0.08977   0.02656
   282/299       17G   0.01583   0.01158 0.0003535   0.02777       335       640    0.9038    0.9584    0.9376    0.5462   0.04696   0.09175   0.02676
   283/299       17G   0.01609   0.01127 0.0005327   0.02789       487       640     0.904    0.9441    0.9309    0.5432   0.04685   0.09323   0.02665
   284/299       17G   0.01589   0.01154 0.0004289   0.02786       451       640    0.8979    0.9521    0.9317    0.5422   0.04684   0.09312   0.02653
   285/299       17G   0.01587   0.01147  0.000428   0.02777       462       640    0.9135     0.936    0.9334    0.5431   0.04685   0.09261   0.02667
   286/299       17G   0.01623   0.01152 0.0004719   0.02822       509       640    0.8918    0.9605    0.9339    0.5444   0.04673   0.09219   0.02678
   287/299       17G   0.01603   0.01175 0.0004118    0.0282       473       640    0.8953    0.9594    0.9341    0.5454   0.04656   0.09226   0.02662
   288/299       17G   0.01603   0.01181 0.0004602    0.0283       550       640    0.8938    0.9605     0.934    0.5446   0.04672   0.09264   0.02672
   289/299       17G   0.01601   0.01191 0.0003932   0.02832       481       640    0.9114    0.9444     0.936     0.547   0.04688   0.09242   0.02684
   290/299       17G   0.01564   0.01121  0.000392   0.02724       541       640    0.9102    0.9513    0.9391     0.546   0.04682   0.09214    0.0268
   291/299       17G   0.01638   0.01154 0.0005335   0.02846       499       640    0.9028    0.9592    0.9367     0.548   0.04669   0.09388   0.02664
   292/299       17G   0.01614   0.01204 0.0004641   0.02864       510       640    0.9083    0.9571    0.9376    0.5491   0.04662   0.09316    0.0269
   293/299       17G   0.01605   0.01142 0.0005102   0.02799       529       640    0.9094    0.9508    0.9359     0.545   0.04678   0.09363   0.02715
   294/299       17G   0.01607   0.01171 0.0004538   0.02824       458       640    0.9104    0.9444    0.9321    0.5441   0.04682   0.09313   0.02692
   295/299       17G   0.01619   0.01093 0.0004788   0.02761       551       640    0.9109    0.9527    0.9348    0.5449   0.04669   0.09151   0.02678
   296/299       17G   0.01559   0.01147 0.0004144   0.02747       591       640     0.911    0.9589     0.936    0.5443   0.04673   0.09265     0.027
   297/299       17G    0.0157   0.01137 0.0003462   0.02741       489       640    0.9121    0.9581    0.9384     0.545   0.04672   0.09345   0.02699
   298/299       17G    0.0156   0.01134 0.0004312   0.02737       522       640    0.9038    0.9552    0.9386    0.5455   0.04691   0.09309   0.02697
   299/299       17G   0.01577   0.01112 0.0004151   0.02731       393       640    0.8894    0.9649    0.9343    0.5411   0.04698   0.09212   0.02707
