     0/299     12.1G    0.0734  0.009442   0.01239   0.09523        72       640   0.01349    0.2879  0.005616  0.001257    0.1064   0.02513   0.07076
     1/299       21G   0.06245  0.008816    0.0078   0.07906        60       640    0.1033    0.4108     0.105   0.02675    0.0833   0.02125   0.01551
     2/299       21G   0.05956  0.008523  0.006183   0.07427        85       640   0.06734    0.1472   0.02405  0.007116   0.09999   0.03505    0.1247
     3/299       21G   0.05772  0.008512  0.006061   0.07229       102       640    0.2243    0.3429    0.1517   0.05448   0.08694   0.01911   0.01947
     4/299       21G   0.05614  0.008471  0.005597   0.07021        53       640    0.3126    0.3929    0.2852    0.1012    0.0823   0.01917   0.01321
     5/299       21G   0.05547  0.008457  0.005389   0.06932        87       640    0.3845    0.3595    0.2936    0.1166   0.08686   0.01832   0.01741
     6/299       21G   0.05407  0.008328  0.004764   0.06716        50       640    0.3471    0.4369    0.3423    0.1392   0.07555    0.0196   0.01605
     7/299       21G    0.0536  0.008379  0.004455   0.06644        89       640    0.4541     0.375    0.3701    0.1532   0.07896   0.01828   0.01562
     8/299       21G   0.05324  0.008271  0.003837   0.06535        89       640    0.4311    0.4249    0.3901    0.1613   0.07802   0.01746   0.01309
     9/299       21G   0.05242  0.008215   0.00377   0.06441        74       640    0.5046    0.4154    0.4041    0.1697   0.07583   0.01898   0.01194
    10/299       21G   0.05177  0.008182  0.003967   0.06392       113       640     0.519    0.4032    0.4245    0.1824   0.07827    0.0186   0.01475
    11/299       21G   0.05155  0.008132  0.003738   0.06342        69       640    0.5038    0.4959    0.4918    0.2157   0.07282   0.01894    0.0134
    12/299       21G   0.05134  0.008114  0.003572   0.06303        86       640    0.4831     0.454    0.4547    0.1994   0.07199   0.01836     0.011
    13/299       21G   0.05101  0.007981   0.00322   0.06221        67       640    0.6555    0.4244    0.5044    0.2203   0.07166   0.01817   0.01292
    14/299       21G   0.05091  0.007904  0.003453   0.06226       105       640    0.4694     0.549    0.5106    0.2242   0.07151   0.01874   0.01346
    15/299       21G   0.05039  0.007938  0.003058   0.06139        59       640    0.4871    0.5841    0.5296    0.2328   0.07204   0.01752   0.01288
    16/299       21G   0.04973  0.007988  0.002961   0.06068       114       640    0.5561    0.5269    0.5409    0.2459   0.06992   0.01814  0.009972
    17/299       21G   0.04987  0.007806   0.00298   0.06066        97       640    0.5171    0.6012     0.575    0.2522   0.06898   0.01755   0.01116
    18/299       21G   0.04943  0.007813  0.002967   0.06021        65       640    0.5123    0.6854    0.5938    0.2659   0.06961   0.01815    0.0126
    19/299       21G   0.04925  0.007822  0.002882   0.05995        68       640    0.4957    0.6127    0.5556    0.2519   0.06936   0.01797   0.01174
    20/299       21G    0.0492  0.007692  0.002495   0.05939        80       640    0.5356    0.6367    0.6015    0.2718   0.06781    0.0181   0.01124
    21/299       21G   0.04894  0.007749  0.002686   0.05938        54       640    0.6426    0.5697    0.6068    0.2689   0.06676   0.01804   0.01139
    22/299       21G    0.0488  0.007663   0.00228   0.05874       134       640    0.5969    0.6264    0.6277    0.2893   0.06772   0.01746   0.01022
    23/299       21G   0.04845  0.007629  0.002719    0.0588        49       640    0.5184      0.72    0.6284    0.2885   0.06797    0.0174   0.01118
    24/299       21G   0.04826  0.007505  0.002229   0.05799        65       640    0.6004    0.6294    0.6294    0.2904   0.06684    0.0173  0.008336
    25/299       21G   0.04922  0.007596  0.002458   0.05928        92       640    0.5788    0.6584    0.6257    0.2834   0.06696   0.01816   0.01097
    26/299       21G   0.04891  0.007583  0.002537   0.05903        55       640    0.6287    0.6565    0.6371    0.2939   0.06869   0.01712  0.009541
    27/299       21G   0.04813  0.007502   0.00224   0.05788        82       640    0.6006    0.6911    0.6543    0.2994   0.06671   0.01711  0.007162
    28/299       21G   0.04778  0.007472  0.002244    0.0575        90       640    0.6416    0.6727    0.6582    0.3044   0.06649   0.01756  0.008063
    29/299       21G   0.04787  0.007474   0.00206    0.0574        76       640    0.6417    0.6998    0.6693    0.3093   0.06675   0.01695  0.007939
    30/299       21G   0.04797  0.007468    0.0022   0.05764        73       640    0.6214     0.684    0.6534    0.3077   0.06585   0.01766  0.008641
    31/299       21G   0.04755  0.007474  0.002124   0.05715       105       640    0.6505    0.6632    0.6579    0.3082   0.06542   0.01749  0.008706
    32/299       21G   0.04742  0.007303  0.001928   0.05665        58       640    0.6504    0.6851    0.6707    0.3137   0.06521   0.01749  0.008225
    33/299       21G   0.04733  0.007422  0.002206   0.05696        74       640    0.6389    0.6795    0.6663    0.3152   0.06483   0.01731  0.008295
    34/299       21G   0.04737  0.007282  0.001989   0.05665        64       640    0.6449    0.6967    0.6719    0.3194   0.06496   0.01712  0.008504
    35/299       21G    0.0469  0.007333  0.001913   0.05614        69       640    0.6616    0.6977    0.6841    0.3248   0.06474     0.017  0.008354
    36/299       21G   0.04688  0.007287   0.00187   0.05604        55       640    0.6442    0.7263      0.69    0.3265   0.06467   0.01702  0.007584
    37/299       21G   0.04654  0.007165  0.001861   0.05556        75       640    0.6488    0.7425    0.6971    0.3259   0.06458   0.01706  0.007282
    38/299       21G   0.04671  0.007223  0.001815   0.05574       103       640    0.6722    0.7425    0.7059    0.3315   0.06421   0.01708  0.006932
    39/299       21G   0.04668  0.007144  0.001659   0.05548        78       640     0.686    0.7361    0.7101    0.3344   0.06419   0.01702  0.006776
    40/299       21G   0.04672   0.00718  0.001489   0.05539        60       640     0.696    0.7242    0.7132    0.3351    0.0638   0.01705   0.00658
    41/299       21G   0.04679  0.007094  0.001616    0.0555       115       640    0.6806    0.7444    0.7171     0.339   0.06339   0.01712  0.006697
    42/299       21G   0.04607  0.007148  0.001652   0.05487        52       640    0.6913    0.7352    0.7203    0.3413   0.06305   0.01714  0.006641
    43/299       21G   0.04613  0.007115  0.001683   0.05493        73       640    0.6962    0.7387    0.7228    0.3426   0.06269   0.01714  0.006509
    44/299       21G   0.04642   0.00711  0.001723   0.05525        73       640    0.7002    0.7328     0.725    0.3436   0.06249   0.01717  0.006652
    45/299       21G   0.04607  0.007117  0.001526   0.05471        43       640    0.7205    0.7204    0.7293    0.3455    0.0622   0.01717  0.006633
    46/299       21G     0.046  0.007086  0.001506   0.05459        69       640    0.6861    0.7609    0.7331    0.3468   0.06196   0.01715  0.006689
    47/299       21G   0.04553  0.006918  0.001324   0.05377        73       640    0.6989     0.748    0.7344    0.3481   0.06175   0.01707  0.006547
    48/299       21G    0.0455  0.006985  0.001393   0.05388        79       640    0.7153    0.7446     0.738      0.35   0.06156   0.01707  0.006496
    49/299       21G   0.04531   0.00695  0.001373   0.05363        80       640    0.7103     0.754    0.7397    0.3516    0.0615   0.01704   0.00653
    50/299       21G   0.04519  0.006948   0.00138   0.05352        70       640    0.7232    0.7416    0.7411    0.3531   0.06141   0.01703  0.006666
    51/299       21G   0.04534  0.006917  0.001349   0.05361        47       640    0.7104    0.7572    0.7437    0.3539   0.06129   0.01701  0.006703
    52/299       21G   0.04515  0.006862  0.001529   0.05354        85       640    0.7396    0.7353     0.746    0.3549   0.06116   0.01699  0.006787
    53/299       21G   0.04503  0.006874  0.001224   0.05313        88       640    0.7349    0.7399    0.7479    0.3562   0.06104   0.01696  0.006816
    54/299       21G   0.04514  0.006855  0.001393   0.05339        77       640     0.734    0.7463    0.7516     0.358   0.06092   0.01695  0.006731
    55/299       21G   0.04503  0.006888  0.001436   0.05335        97       640    0.7395    0.7436    0.7535    0.3595   0.06081   0.01694  0.006697
    56/299       21G   0.04481  0.006819  0.001275   0.05291        77       640    0.7478    0.7405    0.7543    0.3605   0.06069   0.01691  0.006664
    57/299       21G   0.04498  0.006827  0.001277   0.05309        79       640    0.7452     0.749    0.7552    0.3625   0.06059   0.01691  0.006637
    58/299       21G   0.04476  0.006705  0.001262   0.05272        71       640    0.7567    0.7374    0.7557    0.3638   0.06052   0.01692  0.006632
    59/299       21G   0.04452  0.006757  0.001296   0.05257        71       640    0.7632    0.7346    0.7572    0.3646   0.06044   0.01692  0.006665
    60/299       21G   0.04471  0.006692   0.00112   0.05252        58       640    0.7638    0.7378    0.7579     0.365   0.06035   0.01691  0.006648
    61/299       21G   0.04445  0.006675  0.001267   0.05239        74       640    0.7644    0.7383    0.7586    0.3653    0.0603   0.01691  0.006627
    62/299       21G    0.0444  0.006698   0.00121    0.0523        83       640     0.764    0.7402    0.7594    0.3658   0.06023   0.01689  0.006611
    63/299       21G    0.0443  0.006699  0.001164   0.05216        87       640    0.7607    0.7457    0.7603    0.3664   0.06015   0.01688  0.006553
    64/299       21G    0.0444  0.006705  0.001139   0.05224        73       640    0.7643     0.745    0.7609    0.3671   0.06005   0.01687  0.006517
    65/299       21G   0.04417  0.006688  0.001186   0.05204       104       640    0.7651     0.747    0.7619    0.3675   0.05994   0.01687  0.006509
    66/299       21G   0.04402  0.006648   0.00129   0.05196        68       640    0.7525    0.7559    0.7626    0.3679   0.05985   0.01687  0.006547
    67/299       21G   0.04375  0.006588  0.000988   0.05132        80       640     0.755    0.7556    0.7632    0.3689   0.05973   0.01687  0.006542
    68/299       21G   0.04386  0.006616  0.001064   0.05154        82       640    0.7567    0.7576    0.7646    0.3693   0.05962   0.01688  0.006555
    69/299       21G   0.04373  0.006602 0.0009974   0.05133        61       640    0.7659    0.7511    0.7666    0.3703   0.05951   0.01687  0.006554
    70/299       21G   0.04355  0.006587  0.001016   0.05115        62       640    0.7614    0.7557    0.7668    0.3704   0.05941   0.01687  0.006561
    71/299       21G   0.04349  0.006546  0.001017   0.05105        78       640    0.7649    0.7573    0.7696     0.371   0.05929   0.01686  0.006567
    72/299       21G   0.04364  0.006499   0.00104   0.05118        76       640    0.7692     0.753    0.7704    0.3721   0.05921   0.01686  0.006598
    73/299       21G   0.04332  0.006513  0.001044   0.05087        69       640    0.7698    0.7525     0.771    0.3725   0.05912   0.01684  0.006628
    74/299       21G   0.04362  0.006479  0.000949   0.05105        68       640    0.7743    0.7528    0.7745    0.3737   0.05901   0.01684   0.00664
    75/299       21G    0.0435  0.006434  0.001017   0.05095        68       640    0.7756    0.7532    0.7758    0.3752   0.05891   0.01685  0.006653
    76/299       21G   0.04326   0.00648 0.0009062   0.05065        90       640     0.771    0.7588    0.7772    0.3774   0.05879   0.01685  0.006661
    77/299       21G   0.04339  0.006466 0.0009527   0.05081        75       640    0.7755    0.7567    0.7779    0.3781   0.05868   0.01684  0.006672
    78/299       21G   0.04329  0.006462 0.0009968   0.05075        81       640    0.7778    0.7579    0.7794    0.3796   0.05858   0.01684  0.006667
    79/299       21G   0.04295  0.006378 0.0008646   0.05019        82       640    0.7777    0.7577    0.7802    0.3813   0.05848   0.01684  0.006691
    80/299       21G   0.04302  0.006413 0.0009596   0.05039        90       640     0.764    0.7707    0.7808    0.3814   0.05837   0.01684  0.006732
    81/299       21G   0.04297  0.006417 0.0009319   0.05032        46       640    0.7819    0.7567    0.7822    0.3821   0.05827   0.01685  0.006746
    82/299       21G   0.04278  0.006314  0.000815   0.04991        63       640    0.7501    0.7877    0.7834    0.3832   0.05816   0.01686  0.006778
    83/299       21G   0.04266  0.006375 0.0008437   0.04988        86       640    0.7448    0.7997    0.7851    0.3829   0.05806   0.01687  0.006779
    84/299       21G   0.04294  0.006367 0.0009172   0.05023        93       640     0.746    0.8015    0.7865    0.3837   0.05796   0.01688  0.006812
    85/299       21G   0.04254  0.006326 0.0009259   0.04979        72       640    0.7508    0.7987    0.7875    0.3847   0.05786   0.01689  0.006814
    86/299       21G   0.04256  0.006338 0.0008287   0.04972        81       640    0.7507    0.7987    0.7884    0.3855   0.05775    0.0169  0.006813
    87/299       21G   0.04256  0.006389 0.0008979   0.04985        54       640    0.7508    0.7996    0.7894    0.3862   0.05764   0.01691  0.006851
    88/299       21G   0.04253  0.006289 0.0008299   0.04965        89       640    0.7533    0.7992    0.7907    0.3873   0.05753   0.01694  0.006899
    89/299       21G   0.04236  0.006305 0.0008033   0.04946       101       640    0.7555    0.7989    0.7923    0.3887   0.05743   0.01694  0.006885
    90/299       21G   0.04246  0.006322 0.0008548   0.04964        53       640    0.7572    0.7983    0.7932    0.3898   0.05733   0.01696  0.006851
    91/299       21G   0.04248  0.006283 0.0007305   0.04949        70       640    0.7557    0.7988    0.7941    0.3903   0.05725   0.01698  0.006831
    92/299       21G   0.04243  0.006242 0.0008825   0.04955        96       640    0.7776    0.7811    0.7954    0.3906   0.05716     0.017  0.006806
    93/299       21G   0.04243  0.006173 0.0007658   0.04936        75       640    0.7594    0.8004    0.7968    0.3915   0.05706   0.01702  0.006766
    94/299       21G    0.0422  0.006269 0.0008264    0.0493        88       640    0.7564    0.8082    0.7986    0.3929   0.05697   0.01703  0.006758
    95/299       21G   0.04217  0.006229 0.0007763   0.04917        72       640    0.7557      0.81    0.7997    0.3943   0.05688   0.01705  0.006769
    96/299       21G   0.04201  0.006173 0.0007532   0.04893        70       640    0.7511    0.8195    0.8016    0.3961    0.0568   0.01707  0.006826
    97/299       21G   0.04196  0.006181 0.0007792   0.04892       102       640     0.766     0.806     0.803    0.3972   0.05671   0.01709  0.006853
    98/299       21G   0.04218  0.006162 0.0007591    0.0491        86       640    0.7637    0.8165     0.804    0.3983   0.05663   0.01711  0.006879
    99/299       21G   0.04193    0.0062 0.0007995   0.04893        89       640     0.769    0.8178    0.8098    0.3989   0.05655   0.01712  0.006913
   100/299       21G   0.04193   0.00614 0.0008004   0.04887        57       640    0.7703    0.8192    0.8114    0.3999   0.05646   0.01714    0.0069
   101/299       21G   0.04195  0.006166 0.0007306   0.04885        66       640    0.7739    0.8195    0.8131    0.4011   0.05637   0.01716  0.006902
   102/299       21G   0.04192  0.006199 0.0007714   0.04889        39       640    0.7759    0.8204    0.8147    0.4019   0.05627   0.01718  0.006934
   103/299       21G   0.04174  0.006142 0.0007683   0.04865        74       640    0.7774    0.8204    0.8157    0.4032   0.05618   0.01721  0.006947
   104/299       21G   0.04148  0.006094  0.000727    0.0483       101       640    0.7778    0.8233    0.8171    0.4047    0.0561   0.01723  0.006968
   105/299       21G   0.04177  0.006156 0.0007134   0.04864        85       640    0.7787    0.8246    0.8198    0.4058     0.056   0.01725  0.006979
   106/299       21G    0.0414  0.006163 0.0007197   0.04829        80       640    0.7922    0.8147    0.8268     0.408    0.0559   0.01727  0.006991
   107/299       21G   0.04163  0.006106 0.0007104   0.04845        62       640    0.7865    0.8232     0.828    0.4092    0.0558    0.0173  0.006979
   108/299       21G   0.04145  0.006119 0.0006818   0.04825       104       640    0.7913    0.8221    0.8297    0.4101   0.05568   0.01732  0.006983
   109/299       21G   0.04148  0.006121 0.0006928   0.04829        76       640     0.797    0.8184    0.8315    0.4114   0.05558   0.01734  0.006969
   110/299       21G   0.04155  0.006065 0.0006812    0.0483       106       640    0.7981    0.8248    0.8338     0.413    0.0555   0.01736  0.006956
   111/299       21G   0.04145  0.006051 0.0006613   0.04817        64       640    0.8029    0.8232    0.8358    0.4145   0.05544   0.01737   0.00698
   112/299       21G   0.04124  0.006022 0.0006576   0.04792        96       640    0.8108    0.8184    0.8375    0.4163   0.05536    0.0174  0.007003
   113/299       21G   0.04123  0.006042 0.0006689   0.04794        82       640    0.8094    0.8215    0.8396    0.4186   0.05527   0.01741     0.007
   114/299       21G   0.04124  0.006093 0.0007399   0.04807        93       640    0.8106    0.8216    0.8409    0.4188   0.05519   0.01744  0.006992
   115/299       21G   0.04121   0.00606 0.0007047   0.04798        79       640    0.8097    0.8216    0.8399    0.4202   0.05511   0.01745  0.006987
   116/299       21G   0.04113  0.006063 0.0007011   0.04789        65       640    0.8099    0.8213    0.8416    0.4212   0.05503   0.01747  0.006991
   117/299       21G   0.04115  0.006056 0.0006563   0.04786        88       640    0.8104    0.8216    0.8438    0.4223   0.05496    0.0175  0.007012
   118/299       21G   0.04135   0.00596 0.0007135   0.04802        84       640    0.8281    0.8035    0.8454    0.4238   0.05489   0.01751  0.007028
   119/299       21G   0.04094  0.005999 0.0007022   0.04764        83       640    0.8343    0.8038    0.8476    0.4252   0.05481   0.01753  0.007084
   120/299       21G   0.04082  0.005973 0.0006388   0.04743        83       640    0.8351    0.8045    0.8492    0.4258   0.05473   0.01755  0.007133
   121/299       21G   0.04089  0.005965 0.0006275   0.04748        76       640     0.832    0.8102    0.8508    0.4267   0.05464   0.01757  0.007167
   122/299       21G   0.04064  0.006008 0.0006322   0.04728        48       640    0.8346    0.8103    0.8529    0.4291   0.05455    0.0176  0.007169
   123/299       21G   0.04108  0.005977 0.0005903   0.04765        99       640    0.8338    0.8105    0.8544    0.4298   0.05447   0.01763  0.007166
   124/299       21G    0.0408  0.005937 0.0006534   0.04739        67       640    0.8305    0.8163    0.8557    0.4315   0.05438   0.01766  0.007185
   125/299       21G   0.04084  0.005969 0.0006073   0.04742        65       640    0.8306    0.8179    0.8576    0.4337    0.0543   0.01768  0.007236
   126/299       21G   0.04094  0.005947  0.000655   0.04755        89       640    0.8353     0.816    0.8588    0.4348    0.0542   0.01771  0.007224
   127/299       21G   0.04095  0.005991 0.0006776   0.04762        70       640    0.8353    0.8176    0.8601    0.4354    0.0541   0.01773  0.007256
   128/299       21G   0.04056  0.005932 0.0005861   0.04708        92       640    0.8366    0.8193    0.8614     0.437     0.054   0.01777  0.007286
   129/299       21G   0.04062  0.005926  0.000601   0.04714       100       640    0.8389    0.8195    0.8626    0.4379    0.0539    0.0178  0.007278
   130/299       21G   0.04046  0.005963 0.0006099   0.04703        93       640    0.8356    0.8241    0.8641    0.4391   0.05379   0.01782   0.00724
   131/299       21G   0.04075  0.005979 0.0006827   0.04741        54       640    0.8373    0.8255    0.8658    0.4408   0.05368   0.01784  0.007205
   132/299       21G   0.04036  0.005903 0.0005746   0.04684        59       640    0.8391    0.8255     0.867    0.4422   0.05358   0.01787  0.007159
   133/299       21G   0.04051  0.005927 0.0005878   0.04702        83       640    0.8381     0.827    0.8683    0.4448   0.05348    0.0179  0.007148
   134/299       21G   0.04042  0.005931 0.0006576   0.04701        78       640     0.838    0.8277    0.8698    0.4459   0.05338   0.01792  0.007146
   135/299       21G   0.04036  0.005867 0.0005637   0.04679        88       640    0.8301    0.8402     0.871    0.4472    0.0533   0.01794  0.007133
   136/299       21G   0.04033  0.005841 0.0005905   0.04676        56       640    0.8328    0.8421    0.8739    0.4486   0.05322   0.01796  0.007093
   137/299       21G   0.04041  0.005893 0.0006303   0.04693        75       640    0.8333    0.8421    0.8751    0.4491   0.05315   0.01798  0.007111
   138/299       21G   0.04024  0.005904 0.0005759   0.04672        63       640    0.8431    0.8347    0.8761     0.451   0.05305   0.01801  0.007096
   139/299       21G   0.03997  0.005863 0.0005435   0.04638        69       640    0.8476    0.8352    0.8771     0.452   0.05291   0.01804  0.007026
   140/299       21G   0.04013  0.005841 0.0006006   0.04657        64       640    0.8489    0.8365    0.8776    0.4533   0.05279   0.01808  0.006965
   141/299       21G   0.04006  0.005823  0.000546   0.04642        81       640    0.8489    0.8396    0.8788    0.4547   0.05267   0.01811  0.006912
   142/299       21G   0.03996  0.005824  0.000549   0.04633        71       640    0.8474    0.8448    0.8814    0.4564   0.05257   0.01815  0.006887
   143/299       21G   0.03998  0.005852  0.000606   0.04644        98       640    0.8474    0.8449    0.8832    0.4577   0.05247   0.01818  0.006851
   144/299       21G   0.04023  0.005848 0.0005363   0.04661        96       640    0.8473    0.8455    0.8852    0.4598   0.05236   0.01821  0.006824
   145/299       21G    0.0401   0.00579 0.0005136    0.0464        65       640    0.8476    0.8461    0.8864    0.4612   0.05227   0.01824   0.00676
   146/299       21G   0.03977  0.005813  0.000519    0.0461        58       640    0.8549    0.8419    0.8882     0.462    0.0522   0.01826  0.006742
   147/299       21G   0.03998  0.005866 0.0005614    0.0464        63       640    0.8561    0.8431    0.8896     0.464   0.05213   0.01829  0.006725
   148/299       21G   0.03974  0.005762 0.0004689   0.04597        75       640    0.8551     0.845    0.8907    0.4653   0.05204   0.01831  0.006725
   149/299       21G   0.03981  0.005824 0.0005962   0.04623        77       640    0.8691    0.8348    0.8926    0.4662   0.05195   0.01834  0.006691
   150/299       21G   0.03968  0.005826 0.0005716   0.04608        73       640    0.8698    0.8343    0.8923    0.4673   0.05187   0.01837  0.006662
   151/299       21G    0.0398  0.005779 0.0005222    0.0461        66       640    0.8625    0.8407    0.8932     0.468   0.05178    0.0184  0.006613
   152/299       21G    0.0395  0.005734 0.0004721   0.04571        69       640    0.8644    0.8452    0.8951    0.4687   0.05169   0.01843  0.006553
   153/299       21G   0.03966  0.005812 0.0005444   0.04602       110       640    0.8622    0.8469    0.8962    0.4705   0.05161   0.01847  0.006524
   154/299       21G   0.03961  0.005779 0.0005133    0.0459        65       640    0.8551    0.8566    0.8962    0.4725   0.05153    0.0185  0.006519
   155/299       21G   0.03972  0.005773 0.0005129   0.04601        88       640     0.855    0.8599    0.8972    0.4739   0.05145   0.01852  0.006509
   156/299       21G   0.03953   0.00573 0.0005405    0.0458        61       640    0.8482     0.867    0.8982    0.4752   0.05137   0.01856  0.006501
   157/299       21G   0.03958  0.005772 0.0005037   0.04586        84       640    0.8355    0.8815    0.8988    0.4761   0.05129   0.01859  0.006431
   158/299       21G   0.03939  0.005734 0.0005258   0.04565        83       640    0.8358     0.883    0.8998    0.4781    0.0512   0.01862  0.006363
   159/299       21G   0.03938  0.005757 0.0005326   0.04567        91       640    0.8425      0.88    0.9005    0.4803   0.05109   0.01867  0.006298
   160/299       21G   0.03942  0.005709 0.0005141   0.04564       114       640    0.8382     0.884    0.9013    0.4809   0.05098    0.0187  0.006235
   161/299       21G   0.03942  0.005729 0.0004908   0.04564        76       640    0.8395    0.8847    0.9024    0.4822   0.05087   0.01874  0.006156
   162/299       21G   0.03946  0.005708  0.000501   0.04567       110       640    0.8399    0.8865     0.903    0.4835   0.05077   0.01879  0.006101
   163/299       21G   0.03918  0.005735 0.0005059   0.04543        48       640     0.842     0.882    0.9041    0.4849    0.0507   0.01883  0.006085
   164/299       21G   0.03933  0.005629 0.0004896   0.04545        54       640     0.858    0.8657    0.9048    0.4856   0.05061   0.01886  0.006071
   165/299       21G   0.03918  0.005795 0.0004633   0.04544        98       640    0.8499    0.8777    0.9056    0.4866   0.05053   0.01889  0.006051
   166/299       21G   0.03917  0.005689 0.0004981   0.04536        61       640    0.8459    0.8813    0.9065    0.4878   0.05044   0.01893  0.006029
   167/299       21G   0.03915  0.005696 0.0004877   0.04533        71       640    0.8542     0.874    0.9078    0.4887   0.05036   0.01897  0.006007
   168/299       21G   0.03902  0.005639 0.0004867   0.04515        61       640    0.8431    0.8892    0.9091    0.4889   0.05029     0.019  0.005984
   169/299       21G   0.03919  0.005735 0.0004997   0.04542        67       640    0.8425    0.8907    0.9097    0.4908   0.05023   0.01903  0.005957
   170/299       21G   0.03895  0.005694 0.0004538    0.0451        91       640    0.8428    0.8918    0.9109    0.4917   0.05017   0.01905  0.005933
   171/299       21G   0.03916  0.005655 0.0005559   0.04537        69       640    0.8391    0.8963    0.9116    0.4922   0.05011   0.01908  0.005892
   172/299       21G   0.03875  0.005643 0.0004573   0.04485        63       640    0.8356    0.9015    0.9123    0.4929   0.05006    0.0191    0.0059
   173/299       21G   0.03899  0.005687 0.0004686   0.04515        85       640    0.8361    0.9017     0.913    0.4944      0.05   0.01912  0.005875
   174/299       21G   0.03901  0.005656 0.0005147   0.04518        75       640    0.8387       0.9    0.9139    0.4952   0.04994   0.01914  0.005854
   175/299       21G   0.03896  0.005675 0.0004408   0.04508        72       640    0.8403    0.9004    0.9144    0.4954   0.04986   0.01918  0.005839
   176/299       21G   0.03864  0.005654 0.0004721   0.04477        75       640     0.843    0.8981     0.915    0.4954    0.0498    0.0192  0.005855
   177/299       21G   0.03882  0.005686 0.0004581   0.04497        79       640    0.8421    0.8998    0.9156    0.4959   0.04974   0.01923  0.005871
   178/299       21G   0.03883  0.005572 0.0004628   0.04487        76       640    0.8412    0.9002    0.9154    0.4967   0.04968   0.01926  0.005872
   179/299       21G   0.03865  0.005605   0.00046   0.04471        86       640    0.8414    0.8998     0.916    0.4968   0.04963   0.01928   0.00586
   180/299       21G   0.03856  0.005605 0.0004412   0.04461        77       640    0.8401    0.9011    0.9168     0.497   0.04958   0.01931  0.005882
   181/299       21G   0.03859  0.005612 0.0004801   0.04468        75       640    0.8444    0.8979    0.9167    0.4984   0.04955   0.01934  0.005921
   182/299       21G   0.03856  0.005624 0.0004118   0.04459        93       640    0.8461    0.8976    0.9173    0.4981   0.04949   0.01938  0.005922
   183/299       21G   0.03849  0.005604 0.0004754   0.04457        54       640    0.8476    0.8974    0.9178    0.4992   0.04942   0.01942  0.005871
   184/299       21G   0.03843  0.005598  0.000446   0.04447        74       640    0.8466    0.9005    0.9183    0.5007   0.04936   0.01944  0.005806
   185/299       21G   0.03855  0.005572 0.0004095   0.04454        99       640    0.8489    0.8998    0.9194    0.5018    0.0493   0.01947  0.005773
   186/299       21G   0.03845  0.005619 0.0004216   0.04449        79       640    0.8467    0.9018    0.9195    0.5027   0.04925    0.0195  0.005763
   187/299       21G   0.03849  0.005617 0.0004507   0.04455        73       640    0.8469     0.904    0.9202     0.504    0.0492   0.01953  0.005737
   188/299       21G   0.03835  0.005641 0.0004192   0.04441        57       640    0.8473    0.9039    0.9199    0.5051   0.04915   0.01956  0.005723
   189/299       21G   0.03825  0.005569 0.0004422   0.04426        62       640    0.8497    0.9051    0.9215    0.5059    0.0491   0.01958    0.0057
   190/299       21G   0.03814   0.00557 0.0003929    0.0441        83       640    0.8515    0.9029    0.9222     0.506   0.04905   0.01961  0.005679
   191/299       21G   0.03813  0.005554 0.0004022   0.04408        76       640    0.8512    0.9029    0.9227    0.5065   0.04899   0.01964  0.005645
   192/299       21G   0.03825  0.005553 0.0004439   0.04425        81       640    0.8478    0.9091    0.9232    0.5064   0.04894   0.01967  0.005622
   193/299       21G    0.0382  0.005547 0.0004109   0.04416        84       640    0.8469    0.9104    0.9232     0.507    0.0489   0.01971  0.005611
   194/299       21G    0.0381  0.005608 0.0004481   0.04416        81       640     0.852    0.9051    0.9235    0.5071   0.04885   0.01973   0.00558
   195/299       21G    0.0381  0.005568 0.0004349    0.0441        90       640    0.8561    0.9018    0.9239    0.5074   0.04879   0.01977  0.005571
   196/299       21G   0.03799  0.005542 0.0004314   0.04396       102       640    0.8574    0.9013    0.9243    0.5071   0.04874    0.0198  0.005576
   197/299       21G   0.03787  0.005539 0.0004248   0.04383        78       640    0.8574    0.9024    0.9244    0.5071   0.04871   0.01983  0.005604
   198/299       21G   0.03799  0.005532 0.0003949   0.04392        68       640    0.8575    0.9001    0.9248    0.5081   0.04866   0.01987  0.005585
   199/299       21G   0.03788  0.005502  0.000402   0.04379        75       640    0.8607    0.8961    0.9245    0.5084   0.04863   0.01989  0.005604
   200/299       21G   0.03779   0.00549 0.0003806   0.04366       100       640    0.8605    0.8968     0.925     0.509   0.04859   0.01991  0.005613
   201/299       21G   0.03776  0.005518 0.0003932   0.04367        92       640    0.8626    0.8968    0.9255    0.5092   0.04856   0.01993  0.005631
   202/299       21G   0.03781  0.005474 0.0003898   0.04368        77       640    0.8631    0.8977    0.9266    0.5105   0.04851   0.01996  0.005617
   203/299       21G   0.03781  0.005482 0.0003859   0.04368        98       640    0.8734    0.8851    0.9264    0.5114   0.04847   0.01998  0.005618
   204/299       21G   0.03769  0.005515  0.000392    0.0436        98       640    0.8716     0.892    0.9271    0.5124   0.04843   0.02001  0.005611
   205/299       21G   0.03764  0.005504 0.0004021   0.04354        83       640    0.8641    0.8994    0.9276    0.5131   0.04838   0.02004  0.005605
   206/299       21G   0.03752  0.005495 0.0003897   0.04341        88       640     0.875     0.889    0.9281    0.5136   0.04834   0.02007  0.005592
   207/299       21G   0.03764  0.005493 0.0003917   0.04352        48       640     0.869    0.8943    0.9273    0.5137   0.04831   0.02008  0.005599
   208/299       21G   0.03753  0.005435 0.0003584   0.04332        84       640     0.871    0.8979    0.9298    0.5138   0.04827   0.02011  0.005577
   209/299       21G   0.03744  0.005472 0.0004202   0.04333        68       640    0.8725    0.8974    0.9303    0.5137   0.04823   0.02014  0.005572
   210/299       21G   0.03734  0.005508 0.0003569    0.0432        93       640    0.8727    0.8974    0.9305    0.5132   0.04819   0.02017  0.005569
   211/299       21G   0.03739  0.005424 0.0003389   0.04315        55       640     0.874    0.8969    0.9304    0.5138   0.04815    0.0202  0.005566
   212/299       21G   0.03731  0.005459 0.0003829   0.04315        85       640    0.8675    0.9058    0.9309    0.5141   0.04811   0.02022  0.005546
   213/299       21G   0.03721  0.005495 0.0004008   0.04311        73       640    0.8712    0.8979    0.9306    0.5145   0.04807   0.02026  0.005542
   214/299       21G   0.03723  0.005429 0.0003696   0.04303        89       640    0.8717    0.8992    0.9307    0.5146   0.04803   0.02029  0.005549
   215/299       21G   0.03728  0.005443 0.0003644   0.04308        97       640    0.8759    0.8985    0.9314    0.5156   0.04799   0.02032  0.005546
   216/299       21G   0.03718  0.005407 0.0003357   0.04292        78       640    0.8724     0.903    0.9314    0.5162   0.04796   0.02034  0.005539
   217/299       21G   0.03709  0.005395 0.0003815   0.04287        83       640    0.8739    0.9027    0.9316    0.5173   0.04792   0.02037  0.005516
   218/299       21G   0.03716  0.005471  0.000398   0.04303        99       640    0.8726    0.9036     0.932    0.5178   0.04789   0.02039  0.005477
   219/299       21G   0.03692  0.005419 0.0003349   0.04267        68       640    0.8745    0.9032    0.9324    0.5177   0.04786   0.02042  0.005419
   220/299       21G     0.037  0.005406 0.0003518   0.04276        73       640    0.8731    0.9029    0.9329    0.5183   0.04782   0.02044  0.005377
   221/299       21G   0.03688  0.005424 0.0003187   0.04262        88       640    0.8773    0.8997    0.9335    0.5194   0.04778   0.02047  0.005359
   222/299       21G   0.03695   0.00543 0.0003447   0.04273        82       640    0.8773     0.899    0.9338    0.5202   0.04775    0.0205  0.005336
   223/299       21G   0.03685  0.005332 0.0003763   0.04256        78       640    0.8735    0.9023    0.9341    0.5214   0.04771   0.02053   0.00529
   224/299       21G   0.03657  0.005439 0.0003696   0.04238        67       640    0.8738    0.9023    0.9343    0.5213   0.04768   0.02055  0.005254
   225/299       21G   0.03672  0.005352 0.0003436   0.04241        87       640    0.8767    0.8993    0.9344    0.5221   0.04764   0.02058  0.005215
   226/299       21G   0.03664  0.005404 0.0003641   0.04241        74       640    0.8745    0.9026    0.9346    0.5224   0.04762    0.0206  0.005197
   227/299       21G   0.03677  0.005353 0.0003585   0.04248        97       640    0.8689    0.9086    0.9333    0.5223   0.04761   0.02062  0.005175
   228/299       21G   0.03667  0.005365 0.0003218   0.04236        71       640    0.8791    0.8974    0.9333    0.5227    0.0476   0.02063  0.005185
   229/299       21G   0.03669  0.005373   0.00035   0.04241        57       640    0.8708    0.9056    0.9341    0.5232   0.04759   0.02064  0.005218
   230/299       21G    0.0365  0.005363 0.0003404   0.04221        70       640    0.8719    0.9055    0.9343    0.5238   0.04758   0.02066  0.005251
   231/299       21G   0.03656  0.005343 0.0003535   0.04226        72       640    0.8732    0.9034    0.9343    0.5241   0.04757   0.02067  0.005289
   232/299       21G   0.03652  0.005359 0.0003507   0.04223        72       640    0.8726    0.9027    0.9343    0.5242   0.04755    0.0207  0.005307
   233/299       21G   0.03641  0.005364 0.0003072   0.04208        57       640    0.8731    0.9021    0.9344    0.5245   0.04754   0.02072  0.005326
   234/299       21G   0.03629  0.005372 0.0003158   0.04198        76       640    0.8731    0.9021    0.9343    0.5251   0.04751   0.02075  0.005341
   235/299       21G    0.0363  0.005279 0.0003316   0.04191        91       640    0.8733    0.9017    0.9343    0.5257   0.04749   0.02078  0.005366
   236/299       21G   0.03632  0.005308 0.0003293   0.04196        73       640    0.8796    0.8958    0.9346    0.5262   0.04747    0.0208  0.005375
   237/299       21G   0.03633   0.00533 0.0003339   0.04199        63       640    0.8755    0.9014    0.9347    0.5256   0.04743   0.02082  0.005368
   238/299       21G   0.03624  0.005339 0.0003263    0.0419        67       640    0.8763     0.901    0.9345     0.526   0.04741   0.02085  0.005397
   239/299       21G   0.03623  0.005319  0.000294   0.04184        74       640    0.8846    0.8928    0.9349    0.5258   0.04738   0.02087  0.005424
   240/299       21G   0.03616  0.005348 0.0003262   0.04184        73       640    0.8853    0.8914    0.9349    0.5262   0.04735    0.0209  0.005462
   241/299       21G   0.03605  0.005287 0.0003428   0.04168        67       640    0.8819    0.8954    0.9351    0.5268   0.04733   0.02093  0.005482
   242/299       21G   0.03627  0.005279 0.0002915   0.04184        53       640    0.8852    0.8921    0.9353    0.5273   0.04731   0.02094  0.005494
   243/299       21G   0.03608  0.005258 0.0002868   0.04163        62       640    0.8853    0.8942    0.9355    0.5279   0.04729   0.02096  0.005498
   244/299       21G   0.03605  0.005303   0.00031   0.04166        83       640    0.8854    0.8942    0.9358     0.529   0.04727   0.02098  0.005506
   245/299       21G   0.03591  0.005256  0.000355   0.04152        90       640    0.8856    0.8943    0.9361    0.5295   0.04724   0.02101  0.005517
   246/299       21G   0.03581  0.005277 0.0002972   0.04138        76       640      0.88     0.898    0.9361    0.5295   0.04721   0.02103  0.005537
   247/299       21G   0.03585  0.005359 0.0002938    0.0415        70       640    0.8832    0.8946    0.9375      0.53   0.04718   0.02105  0.005541
   248/299       21G   0.03573  0.005261 0.0003037   0.04129        46       640     0.881    0.8974    0.9379    0.5301   0.04714   0.02108  0.005528
   249/299       21G   0.03569  0.005218 0.0002991    0.0412        68       640    0.8806    0.8976    0.9382    0.5309   0.04711    0.0211  0.005525
   250/299       21G   0.03556  0.005235 0.0003066    0.0411        83       640    0.8525    0.9293    0.9385    0.5312   0.04709   0.02112  0.005513
   251/299       21G   0.03568  0.005229 0.0002853   0.04119        96       640    0.8518    0.9291    0.9385    0.5314   0.04707   0.02114  0.005518
   252/299       21G   0.03566  0.005299 0.0002799   0.04124        50       640    0.8554    0.9264    0.9386    0.5304   0.04705   0.02115  0.005509
   253/299       21G   0.03558  0.005217 0.0002791   0.04108        64       640    0.8557    0.9262    0.9387     0.531   0.04703   0.02118  0.005519
   254/299       21G   0.03552  0.005266 0.0003163    0.0411        83       640     0.896    0.8856    0.9388    0.5311     0.047   0.02119  0.005528
   255/299       21G    0.0355  0.005206 0.0002878   0.04099        70       640    0.8955    0.8858    0.9392    0.5318   0.04697   0.02122  0.005527
   256/299       21G   0.03556  0.005239 0.0002906   0.04109        61       640    0.8936    0.8841    0.9381    0.5314   0.04694   0.02125  0.005541
   257/299       21G   0.03552  0.005262 0.0002743   0.04106       100       640    0.8599    0.9192    0.9381    0.5319   0.04691   0.02128   0.00556
   258/299       21G   0.03523  0.005212 0.0002812   0.04072        90       640    0.8596    0.9193    0.9385    0.5323   0.04686   0.02131  0.005573
   259/299       21G   0.03527  0.005196 0.0003079   0.04078        95       640    0.8583    0.9206    0.9387    0.5326   0.04683   0.02133  0.005567
   260/299       21G   0.03537  0.005221 0.0003015   0.04089        77       640    0.8583    0.9207    0.9391    0.5333   0.04679   0.02136  0.005554
   261/299       21G   0.03524  0.005226 0.0002809   0.04074        65       640    0.8547    0.9247    0.9394    0.5336   0.04675   0.02138  0.005536
   262/299       21G   0.03526  0.005205 0.0002962   0.04076        83       640     0.855    0.9261    0.9395    0.5338   0.04672   0.02139  0.005524
   263/299       21G   0.03532  0.005204 0.0002844   0.04081        79       640    0.9052    0.8761    0.9398    0.5345   0.04669   0.02142  0.005521
   264/299       21G   0.03514  0.005188 0.0002582   0.04059        80       640    0.8573    0.9254      0.94    0.5359   0.04666   0.02144  0.005505
   265/299       21G   0.03502  0.005189 0.0002725   0.04048        99       640    0.8586    0.9269    0.9413    0.5366   0.04665   0.02147  0.005508
   266/299       21G    0.0351  0.005232 0.0003013   0.04063        61       640    0.8604    0.9225    0.9415    0.5366   0.04662   0.02149  0.005539
   267/299       21G   0.03494  0.005164 0.0002582   0.04036        91       640     0.854    0.9317    0.9416    0.5371    0.0466   0.02152  0.005555
   268/299       21G   0.03529   0.00521  0.000299    0.0408        70       640    0.8551    0.9317    0.9416    0.5375   0.04658   0.02154  0.005577
   269/299       21G   0.03492  0.005181 0.0002608   0.04036        59       640      0.89     0.893    0.9418    0.5377   0.04655   0.02157  0.005593
   270/299       21G   0.03487  0.005232 0.0002662   0.04037       100       640    0.8549    0.9323    0.9417    0.5389    0.0465   0.02161  0.005603
   271/299       21G   0.03478  0.005182 0.0002529   0.04022        70       640    0.8551    0.9321    0.9417    0.5387   0.04646   0.02164  0.005609
   272/299       21G   0.03497  0.005192  0.000294   0.04045        91       640     0.892    0.8919    0.9418    0.5393   0.04642   0.02168  0.005615
   273/299       21G   0.03474  0.005163 0.0002491   0.04015        97       640    0.8556    0.9334    0.9421    0.5398   0.04638   0.02169  0.005615
   274/299       21G   0.03481  0.005181 0.0002931   0.04028        72       640    0.8539    0.9354    0.9423    0.5395   0.04635   0.02171  0.005642
   275/299       21G   0.03471  0.005208  0.000273   0.04019        70       640    0.8545    0.9352    0.9423    0.5393   0.04631   0.02174  0.005635
   276/299       21G   0.03459  0.005148 0.0002481   0.03998        80       640    0.8532     0.937    0.9424    0.5398   0.04626   0.02177  0.005639
   277/299       21G   0.03473  0.005135 0.0002649   0.04013        83       640    0.8564    0.9369    0.9426    0.5399   0.04622    0.0218  0.005654
   278/299       21G   0.03475  0.005162 0.0002622   0.04018        80       640    0.8575    0.9366    0.9429    0.5399   0.04619   0.02183  0.005694
   279/299       21G   0.03454  0.005114 0.0002963   0.03995        60       640    0.8572    0.9373    0.9429      0.54   0.04616   0.02186  0.005735
   280/299       21G    0.0346  0.005185 0.0002497   0.04004        51       640    0.8582    0.9388    0.9432    0.5401   0.04614   0.02188   0.00577
   281/299       21G   0.03455  0.005113 0.0002685   0.03993        87       640    0.8588    0.9385    0.9433      0.54   0.04612    0.0219  0.005788
   282/299       21G    0.0346  0.005182 0.0002629   0.04005       102       640    0.8592    0.9383    0.9434    0.5399   0.04611   0.02192  0.005809
   283/299       21G   0.03443   0.00512 0.0002477    0.0398        74       640    0.8594    0.9385    0.9435    0.5404    0.0461   0.02194  0.005832
   284/299       21G   0.03458  0.005134 0.0002923   0.04001        65       640    0.8592    0.9388    0.9436    0.5401   0.04609   0.02196  0.005837
   285/299       21G   0.03429  0.005133 0.0002352   0.03966        71       640    0.8605    0.9384    0.9438    0.5407   0.04607   0.02197  0.005848
   286/299       21G   0.03444  0.005157 0.0002504   0.03984        72       640    0.8591    0.9387    0.9441    0.5404   0.04605     0.022  0.005852
   287/299       21G   0.03436  0.005169 0.0002373   0.03977        75       640    0.8591    0.9388    0.9442    0.5407   0.04603   0.02201  0.005863
   288/299       21G   0.03452   0.00511 0.0002575   0.03989        66       640    0.8651    0.9323    0.9444    0.5412   0.04602   0.02203  0.005861
   289/299       21G   0.03443  0.005147 0.0002639   0.03984        58       640    0.8652    0.9332    0.9446    0.5411   0.04603   0.02202  0.005879
   290/299       21G   0.03428  0.005136 0.0002725   0.03969        64       640    0.8655    0.9336    0.9449    0.5416   0.04602   0.02204   0.00592
   291/299       21G   0.03436  0.005131 0.0002463   0.03974        67       640    0.8656    0.9334    0.9451    0.5413   0.04602   0.02205  0.005958
   292/299       21G   0.03436  0.005123 0.0002511   0.03974       111       640    0.8605    0.9392    0.9452    0.5414     0.046   0.02207  0.005989
   293/299       21G   0.03419  0.005113 0.0002622   0.03956        71       640    0.8674    0.9313    0.9453    0.5421   0.04599   0.02209  0.006046
   294/299       21G   0.03453  0.005107 0.0002535   0.03989        59       640    0.8619    0.9388    0.9457    0.5419   0.04598    0.0221  0.006084
   295/299       21G   0.03434  0.005187 0.0002401   0.03977        67       640    0.8619    0.9384    0.9456    0.5419   0.04597   0.02212  0.006124
   296/299       21G   0.03428  0.005106 0.0002575   0.03965        68       640    0.8723    0.9262    0.9456    0.5423   0.04596   0.02214  0.006163
   297/299       21G   0.03422  0.005084  0.000267   0.03957        92       640    0.8701    0.9295    0.9457    0.5418   0.04594   0.02216  0.006199
   298/299       21G   0.03409  0.005134 0.0002691   0.03949        86       640    0.8718    0.9287    0.9456    0.5423   0.04592   0.02218  0.006219
   299/299       21G   0.03402  0.005072 0.0002311   0.03933        55       640    0.8715    0.9291     0.946    0.5423   0.04591   0.02221  0.006252
