      0/99     16.3G   0.07417  0.009333   0.01266   0.09617        72       640  0.004884    0.1529  0.002866 0.0004584    0.1025   0.01844   0.02934
      1/99     21.7G   0.06237  0.009046  0.008174   0.07959        60       640   0.08803    0.3105   0.05755    0.0135   0.08449    0.0207   0.01382
      2/99     20.6G   0.05923  0.008615  0.006292   0.07414        85       640    0.2401    0.3795    0.1874   0.06432   0.07654   0.02082  0.009483
      3/99     20.6G   0.05591  0.008517  0.004355   0.06878       102       640     0.401    0.4009    0.3457    0.1381   0.06712   0.02069   0.00932
      4/99     20.6G    0.0534  0.008326  0.003202   0.06493        53       640    0.4851    0.4569    0.4201    0.1613   0.06731   0.01938   0.00694
      5/99     20.6G   0.05231  0.008329   0.00288   0.06351        87       640    0.4968    0.5106    0.4476    0.1908   0.06352   0.01987  0.007933
      6/99     20.6G   0.05111  0.008101  0.002444   0.06166        50       640    0.4739    0.5554    0.4567    0.1937    0.0622   0.01986   0.01036
      7/99     20.6G   0.05045   0.00805  0.002145   0.06064        89       640    0.5339    0.5623    0.5199    0.2299   0.06086   0.01989  0.008251
      8/99     20.6G   0.04976  0.007894  0.001936   0.05959        89       640    0.6354    0.5755    0.5939     0.266   0.05955   0.01897  0.007836
      9/99     20.6G   0.04899  0.007833  0.001849   0.05867        74       640    0.5713    0.6261    0.5938    0.2694   0.05751   0.01931  0.006754
     10/99     20.6G   0.04853  0.007691  0.001695   0.05792       113       640    0.6554    0.6864    0.6621    0.3026   0.05888   0.01767  0.005999
     11/99     20.6G   0.04826  0.007561  0.001539   0.05736        69       640     0.663    0.6871    0.6842    0.3083   0.05948   0.01717  0.006713
     12/99     20.6G   0.04766  0.007497  0.001535   0.05669        86       640    0.7006    0.7039    0.7022    0.3265   0.05868   0.01645  0.005536
     13/99     20.6G   0.04744  0.007353  0.001343   0.05614        67       640    0.7088    0.7251    0.7296    0.3368   0.05827   0.01662  0.006003
     14/99     20.6G   0.04701  0.007206  0.001351   0.05557       105       640    0.7195    0.6783    0.6968    0.3199   0.05888   0.01619  0.004958
     15/99     20.6G    0.0467  0.007221    0.0013   0.05522        59       640    0.7527    0.7535    0.7701    0.3632   0.05867    0.0155  0.006406
     16/99     20.6G   0.04637   0.00723  0.001326   0.05492       114       640    0.7388    0.7642    0.7731    0.3656   0.05929   0.01528  0.005916
     17/99     20.6G   0.04617  0.006997  0.001235    0.0544        97       640    0.7416    0.7547    0.7618    0.3635   0.05953   0.01478  0.006464
     18/99     20.6G   0.04576   0.00701   0.00123     0.054        65       640    0.7764    0.7473     0.784    0.3823   0.05971   0.01451  0.005459
     19/99     20.6G   0.04569  0.006994  0.001105   0.05379        68       640    0.7881    0.7654    0.7975    0.3839   0.05872    0.0146  0.004799
     20/99     20.6G   0.04544  0.006869  0.001106   0.05342        80       640    0.7693    0.7898    0.8134    0.3921   0.05926   0.01442  0.005024
     21/99     20.6G   0.04526   0.00686  0.001082    0.0532        54       640    0.7732    0.7831    0.8008    0.3923   0.05862   0.01441  0.005366
     22/99     20.6G   0.04496  0.006809 0.0009626   0.05273       134       640    0.7625     0.814    0.8238    0.3996   0.05833   0.01425  0.005042
     23/99     20.6G    0.0447  0.006718  0.001026   0.05244        49       640    0.7997    0.8197    0.8432    0.4105   0.05908   0.01406  0.005856
     24/99     20.6G   0.04462  0.006635  0.000952   0.05221        65       640    0.7918    0.8053    0.8354    0.4138   0.05906   0.01419  0.005296
     25/99     20.6G    0.0446  0.006638 0.0008935   0.05213        92       640    0.8289     0.793    0.8391    0.4161   0.05862     0.014  0.005602
     26/99     20.6G   0.04433   0.00662 0.0009862   0.05194        55       640    0.8217     0.814    0.8442    0.4191   0.05859   0.01397  0.005108
     27/99     20.6G   0.04407  0.006582 0.0008755   0.05153        82       640    0.8202    0.8226    0.8488    0.4209   0.05832   0.01404  0.005301
     28/99     20.6G   0.04393  0.006554 0.0009293   0.05141        90       640    0.8386    0.8048    0.8527     0.432   0.05809   0.01394  0.005199
     29/99     20.6G   0.04375  0.006546 0.0008386   0.05113        76       640    0.8454    0.8105    0.8628    0.4407   0.05759   0.01412  0.005052
     30/99     20.6G   0.04377  0.006522 0.0008534   0.05115        73       640    0.8319    0.8199    0.8634    0.4428   0.05788   0.01391  0.004771
     31/99     20.6G   0.04345  0.006538 0.0008543   0.05084       105       640    0.8291     0.845    0.8793    0.4492   0.05791     0.014  0.004954
     32/99     20.6G   0.04346  0.006409 0.0008239   0.05069        58       640    0.8356    0.8446    0.8784    0.4505   0.05762   0.01387  0.004983
     33/99     20.6G   0.04322  0.006438 0.0007802   0.05044        74       640    0.8207     0.866    0.8875    0.4553   0.05753   0.01388  0.005282
     34/99     20.6G   0.04316  0.006357 0.0007887   0.05031        64       640    0.8257    0.8631    0.8909    0.4564   0.05729   0.01394   0.00542
     35/99     20.6G   0.04301  0.006391 0.0008201   0.05022        69       640    0.8409    0.8509    0.8932    0.4588   0.05727   0.01386  0.005541
     36/99     20.6G   0.04286  0.006386 0.0008225   0.05007        55       640    0.8335    0.8476    0.8912    0.4622   0.05729   0.01383  0.005495
     37/99     20.6G   0.04257   0.00625 0.0007155   0.04954        75       640    0.8264    0.8717    0.8969    0.4679     0.057   0.01392  0.005327
     38/99     20.6G   0.04259  0.006309 0.0007669   0.04966       103       640    0.8661    0.8464     0.904    0.4703   0.05669   0.01397  0.005347
     39/99     20.6G   0.04242  0.006234  0.000731   0.04938        78       640    0.8167    0.8953    0.9057    0.4742   0.05657   0.01399  0.005471
     40/99     20.6G   0.04211  0.006229 0.0006108   0.04895        60       640    0.8453    0.8698    0.9067    0.4739   0.05637   0.01401   0.00538
     41/99     20.6G   0.04244  0.006169 0.0006704   0.04928       115       640    0.8615    0.8624    0.9085    0.4769   0.05631   0.01404  0.005413
     42/99     20.6G   0.04211  0.006199 0.0006703   0.04898        52       640     0.869    0.8643    0.9115    0.4793   0.05632   0.01401  0.005435
     43/99     20.6G   0.04185  0.006162 0.0006828    0.0487        73       640    0.8571    0.8779    0.9119    0.4807   0.05625   0.01402  0.005423
     44/99     20.6G   0.04185   0.00613 0.0006795   0.04865        73       640    0.8505    0.8864    0.9123    0.4818   0.05622   0.01403   0.00546
     45/99     20.6G   0.04177  0.006157  0.000633   0.04856        43       640    0.8543    0.8833    0.9117    0.4848   0.05617   0.01402  0.005494
     46/99     20.6G   0.04167  0.006118 0.0005817   0.04837        69       640    0.8579    0.8748    0.9111    0.4875   0.05612   0.01404   0.00548
     47/99     20.6G   0.04157  0.006018 0.0006084    0.0482        73       640    0.8615    0.8755    0.9121    0.4879   0.05608   0.01409  0.005496
     48/99     20.6G   0.04142  0.006042  0.000591   0.04806        79       640    0.8222    0.9205    0.9148    0.4899   0.05599   0.01412  0.005495
     49/99     20.6G    0.0412  0.006035 0.0005956   0.04783        80       640    0.8208    0.9218    0.9152    0.4916   0.05595   0.01414  0.005483
     50/99     20.6G    0.0412  0.005997 0.0005793   0.04778        70       640    0.8236     0.919    0.9154    0.4906   0.05588   0.01417  0.005477
     51/99     20.6G   0.04105  0.005984 0.0006356   0.04767        47       640    0.8262    0.9136    0.9156    0.4921   0.05583   0.01418  0.005476
     52/99     20.6G   0.04105  0.005974 0.0006474   0.04768        85       640    0.8071     0.938     0.916    0.4932   0.05579    0.0142  0.005455
     53/99     20.6G   0.04072  0.005987 0.0005019   0.04721        88       640    0.8074    0.9389    0.9168    0.4945   0.05573   0.01422  0.005425
     54/99     20.6G   0.04064  0.005949 0.0005556   0.04715        77       640    0.8098    0.9376    0.9183    0.4952   0.05565   0.01425  0.005408
     55/99     20.6G   0.04049   0.00594 0.0005721     0.047        97       640     0.813    0.9389    0.9192    0.4972   0.05561   0.01426  0.005406
     56/99     20.6G   0.04052  0.005949 0.0005893   0.04706        77       640    0.8139    0.9395      0.92     0.498   0.05555   0.01429  0.005408
     57/99     20.6G   0.04028  0.005903 0.0005168    0.0467        79       640    0.8153    0.9394    0.9199    0.4989   0.05552   0.01431  0.005414
     58/99     20.6G   0.04018  0.005797 0.0004659   0.04644        71       640    0.8351    0.9139    0.9205    0.4997   0.05548   0.01433  0.005421
     59/99     20.6G   0.04012  0.005847 0.0005079   0.04647        71       640    0.8347    0.9167    0.9207    0.5014   0.05543   0.01435  0.005401
     60/99     20.6G   0.04002  0.005818 0.0005008   0.04634        58       640    0.8411    0.9118    0.9218    0.5028   0.05539   0.01436  0.005383
     61/99     20.6G   0.04007  0.005833 0.0004796   0.04638        74       640    0.8368    0.9183    0.9228    0.5041   0.05537   0.01438  0.005382
     62/99     20.6G   0.04006  0.005795 0.0004984   0.04635        83       640    0.8412    0.9151    0.9238    0.5047   0.05534   0.01439  0.005378
     63/99     20.6G   0.03957  0.005772  0.000452   0.04579        87       640    0.8402    0.9181    0.9233    0.5047    0.0553   0.01441  0.005378
     64/99     20.6G   0.03959  0.005806  0.000484   0.04588        73       640    0.8408    0.9182    0.9238    0.5052   0.05527   0.01443   0.00537
     65/99     20.6G   0.03952  0.005787 0.0004632   0.04578       104       640    0.8397    0.9218    0.9243    0.5056   0.05523   0.01444  0.005378
     66/99     20.6G   0.03943  0.005755 0.0005123    0.0457        68       640    0.8389    0.9234    0.9248    0.5063   0.05519   0.01446   0.00538
     67/99     20.6G   0.03914  0.005736 0.0004385   0.04531        80       640    0.8407    0.9239    0.9256    0.5066   0.05515   0.01448  0.005382
     68/99     20.6G   0.03917  0.005701 0.0004346   0.04531        82       640    0.8399    0.9237    0.9261    0.5079   0.05509    0.0145  0.005378
     69/99     20.6G   0.03911  0.005718 0.0004307   0.04526        61       640    0.8348     0.929    0.9268    0.5087   0.05506   0.01451  0.005372
     70/99     20.6G   0.03885  0.005708 0.0004084   0.04496        62       640    0.8343    0.9292    0.9275    0.5091   0.05502   0.01453  0.005365
     71/99     20.6G   0.03887  0.005679 0.0004754   0.04502        78       640    0.8354    0.9291    0.9279     0.509   0.05498   0.01454  0.005359
     72/99     20.6G   0.03875  0.005625 0.0004249   0.04479        76       640    0.8363    0.9286    0.9275    0.5096   0.05494   0.01455  0.005364
     73/99     20.6G    0.0385  0.005603 0.0004038   0.04451        69       640    0.8368    0.9283    0.9279    0.5103   0.05489   0.01456  0.005363
     74/99     20.6G   0.03863  0.005611 0.0003876   0.04463        68       640    0.8457    0.9207    0.9287    0.5109   0.05485   0.01457  0.005364
     75/99     20.6G   0.03856   0.00555  0.000404   0.04451        68       640    0.8475    0.9197    0.9288    0.5111   0.05481   0.01458  0.005375
     76/99     20.6G   0.03834  0.005596 0.0003724   0.04431        90       640    0.8496    0.9192    0.9293    0.5114   0.05477    0.0146  0.005373
     77/99     20.6G   0.03833  0.005553 0.0003413   0.04422        75       640    0.8423    0.9303    0.9297    0.5121   0.05473   0.01461  0.005377
     78/99     20.6G   0.03827  0.005602 0.0004207   0.04429        81       640    0.8447    0.9294    0.9301    0.5132   0.05468   0.01463  0.005369
     79/99     20.6G   0.03805  0.005506 0.0003425    0.0439        82       640    0.8452    0.9308    0.9304    0.5137   0.05464   0.01465  0.005365
     80/99     20.6G   0.03791  0.005511  0.000376   0.04379        90       640    0.8474    0.9301    0.9309    0.5147   0.05459   0.01467  0.005362
     81/99     20.6G   0.03793  0.005533 0.0003381    0.0438        46       640    0.8473    0.9315    0.9313    0.5155   0.05455   0.01468  0.005357
     82/99     20.6G   0.03772  0.005459 0.0003181    0.0435        63       640     0.846    0.9315    0.9318    0.5162    0.0545   0.01469  0.005346
     83/99     20.6G   0.03762   0.00551 0.0003502   0.04348        86       640    0.8585      0.92    0.9324    0.5171   0.05444   0.01472  0.005347
     84/99     20.6G   0.03754  0.005498 0.0003504   0.04339        93       640    0.8573    0.9212    0.9328    0.5175    0.0544   0.01474  0.005348
     85/99     20.6G   0.03746  0.005473 0.0003552   0.04329        72       640    0.8587    0.9216    0.9336    0.5186   0.05435   0.01475  0.005348
     86/99     20.6G   0.03738   0.00546 0.0003148   0.04315        81       640    0.8586     0.923    0.9341    0.5192    0.0543   0.01478  0.005339
     87/99     20.6G   0.03723  0.005485 0.0003207   0.04304        54       640    0.8667    0.9155    0.9344    0.5203   0.05425    0.0148  0.005342
     88/99     20.6G   0.03714   0.00542 0.0003071   0.04287        89       640    0.8711    0.9147    0.9351    0.5203    0.0542   0.01482  0.005337
     89/99     20.6G   0.03696  0.005429 0.0002964   0.04269       101       640     0.869    0.9167    0.9354    0.5216   0.05416   0.01483  0.005322
     90/99     20.6G   0.03685  0.005417 0.0002943   0.04256        53       640    0.8713    0.9166    0.9361    0.5227   0.05411   0.01485  0.005316
     91/99     20.6G   0.03709  0.005432 0.0002965   0.04281        70       640    0.8719    0.9176    0.9353    0.5226   0.05406   0.01487  0.005312
     92/99     20.6G   0.03684  0.005387 0.0002989   0.04252        96       640    0.8707    0.9193    0.9345    0.5227   0.05402    0.0149  0.005306
     93/99     20.6G   0.03694   0.00534 0.0002995   0.04258        75       640    0.8707    0.9193    0.9367     0.524   0.05397   0.01492  0.005297
     94/99     20.6G   0.03673  0.005415 0.0003057   0.04245        88       640      0.87    0.9212    0.9371    0.5246   0.05392   0.01493  0.005282
     95/99     20.6G   0.03667  0.005372 0.0002951   0.04234        72       640    0.8733    0.9187    0.9377    0.5247   0.05387   0.01495   0.00526
     96/99     20.6G   0.03649  0.005346 0.0002972   0.04213        70       640    0.8751    0.9185    0.9385    0.5253   0.05383   0.01497  0.005252
     97/99     20.6G   0.03647  0.005349 0.0002895   0.04211       102       640    0.8798    0.9147    0.9387    0.5255   0.05378   0.01499  0.005247
     98/99     20.6G   0.03663  0.005346 0.0002902   0.04226        86       640    0.8799    0.9164    0.9387    0.5261   0.05374   0.01501  0.005239
     99/99     20.6G   0.03645  0.005349  0.000315   0.04212        89       640    0.8827    0.9155    0.9391    0.5271   0.05369   0.01503  0.005231
