     0/299     15.8G   0.06819     1.851   0.03908     1.958       426       640 0.0005389   0.02486 7.037e-05     1e-05    0.1021    0.6284   0.03906
     1/299     22.6G   0.06832    0.3701   0.03905    0.4775       443       640  0.001066   0.05198 0.0002843 5.015e-05    0.1021    0.2098   0.03904
     2/299     22.6G   0.06888    0.1251   0.03901     0.233       507       640  0.001005   0.06554 0.0003486  5.01e-05    0.1021    0.1005   0.03901
     3/299     22.6G   0.06997   0.05376   0.03898    0.1627       579       640 0.0006889   0.03164 0.0001128 2.052e-05    0.1021   0.06859   0.03896
     4/299     23.7G   0.06996   0.03583   0.03891    0.1447       437       640  0.001125   0.04972 0.0002877 5.188e-05     0.102   0.06084    0.0389
     5/299     23.7G   0.06959   0.03052   0.03882    0.1389       373       640  0.001185   0.05393 0.0003221 4.913e-05    0.1018   0.05899   0.03882
     6/299     23.7G   0.06873   0.02976   0.03873    0.1372       441       640  0.005754   0.00452   0.00126 0.0002269    0.1013   0.05868   0.03875
     7/299     23.7G   0.06822   0.02844    0.0386    0.1353       441       640  0.005882    0.1305   0.00228 0.0004498   0.09939    0.0567   0.03865
     8/299     23.7G   0.06764   0.02914   0.03847    0.1352       602       640   0.04255   0.04776    0.0148  0.003527    0.1097    0.1567   0.03838
     9/299     23.7G   0.06761   0.02705   0.03829     0.133       371       640  0.009525     0.072  0.003995 0.0006126    0.1113    0.1937   0.03798
    10/299     23.7G   0.06723   0.02655   0.03809    0.1319       454       640    0.0264   0.07984   0.01776  0.003736    0.1005    0.1402   0.03752
    11/299     23.7G   0.06665    0.0258    0.0378    0.1303       475       640   0.02365   0.05545   0.01406  0.002563    0.1044    0.1375   0.03661
    12/299     23.7G   0.06614   0.02529   0.03731    0.1287       438       640   0.03183   0.06374   0.02012  0.003595    0.1025   0.06523   0.03581
    13/299     23.7G   0.06536   0.02387   0.03654    0.1258       413       640   0.04692   0.07829   0.03307  0.008147   0.09775   0.05417    0.0354
    14/299     23.7G   0.06404   0.02479   0.03529    0.1241       406       640   0.05419    0.1137   0.05005    0.0141   0.09556   0.05323   0.03404
    15/299     23.7G   0.06326   0.02346   0.03332      0.12       483       640   0.04857   0.04663   0.02592  0.004389   0.09477    0.0538   0.03463
    16/299     23.7G   0.06198   0.02127   0.03093    0.1142       474       640   0.03336    0.0652   0.02494  0.004143   0.09487   0.05388   0.03401
    17/299     23.7G   0.06011   0.02106   0.02864    0.1098       396       640   0.02515   0.03587   0.01212  0.001961   0.09469   0.05404   0.03282
    18/299     23.7G   0.05942   0.02198   0.02604    0.1074       552       640   0.01261  0.005738  0.001963 0.0005328   0.09596   0.05753   0.03338
    19/299     23.7G   0.05783   0.02135   0.02311    0.1023       570       640   0.01049    0.1586  0.003281 0.0006554   0.09751   0.06646   0.03549
    20/299     23.7G   0.05711   0.02051   0.02096   0.09859       642       640  0.009263    0.2185  0.005844 0.0009813   0.09619   0.06086   0.03429
    21/299     23.7G   0.05528   0.02088   0.01946   0.09563       503       640    0.3053    0.2847    0.2421   0.06016   0.08495   0.04351   0.03113
    22/299     23.7G   0.05538   0.01933   0.01818   0.09289       550       640    0.4706    0.3503    0.3165    0.1207   0.08222     0.073   0.03589
    23/299     23.7G   0.05518   0.02004   0.01714   0.09236       422       640   0.07969    0.1746   0.04143  0.005786    0.1006   0.04659   0.03618
    24/299     23.7G   0.05548   0.02009   0.01556   0.09114       526       640    0.4543    0.5531      0.53    0.2058     0.076   0.04353   0.03026
    25/299     23.7G    0.0537   0.01904   0.01377   0.08651       396       640    0.5092    0.5868    0.5849    0.2358   0.07585     0.046    0.0298
    26/299     23.7G   0.05184    0.0194   0.01222   0.08347       392       640    0.4704    0.5673    0.5215    0.1923    0.0784   0.05106   0.02889
    27/299     23.7G   0.05188   0.01933   0.01089    0.0821       428       640    0.2374    0.1799    0.1837   0.04932   0.09147   0.07108   0.03051
    28/299     23.7G   0.05117   0.01918  0.009613   0.07996       461       640    0.3544    0.5115    0.4233    0.1567   0.07908    0.0495    0.0293
    29/299     23.7G    0.0506   0.01917  0.008695   0.07847       451       640    0.5923    0.5561    0.5619    0.2256   0.07707   0.05386   0.03025
    30/299     23.7G   0.04988   0.01975  0.008105   0.07773       467       640    0.7251    0.5861    0.6425    0.2561   0.07561   0.05111   0.02892
    31/299     23.7G    0.0539   0.02078  0.007836   0.08252       523       640    0.6701    0.7356    0.7301    0.2367   0.07589   0.04542   0.02924
    32/299     23.7G   0.05406    0.0201  0.007796   0.08196       457       640    0.7981    0.7653    0.8032    0.3161   0.07687   0.04973   0.02658
    33/299     23.7G   0.05265   0.02189  0.007128   0.08167       590       640    0.3767   0.08205   0.05531   0.01112   0.09677    0.0652    0.0299
    34/299     23.7G   0.04936   0.02058  0.006028   0.07597       526       640    0.3147    0.2164    0.1988   0.05205   0.09296    0.0561   0.03133
    35/299     23.7G   0.05054   0.02042  0.005286   0.07625       441       640    0.7859    0.7571     0.776    0.2643   0.07801   0.04907   0.02565
    36/299     23.7G   0.05018   0.01907  0.004806   0.07406       582       640    0.7467    0.7139    0.7425    0.3117   0.07579   0.04947   0.03015
    37/299     23.7G   0.05086   0.01965  0.004768   0.07527       454       640    0.6713    0.7312    0.7166    0.2615   0.08067   0.04751    0.0258
    38/299     23.7G   0.04887   0.01854  0.004514   0.07192       443       640    0.8139    0.8485    0.8799    0.3983   0.06913   0.04734   0.02787
    39/299     23.7G   0.04724     0.019  0.004289   0.07052       385       640    0.8307    0.8556    0.8475    0.3682   0.07262    0.0447   0.02794
    40/299     23.7G   0.04698   0.02104   0.00413   0.07215       446       640    0.8269    0.8902    0.8966    0.4096   0.06997   0.05052   0.02639
    41/299     23.7G   0.04489   0.02076  0.003516   0.06917       457       640    0.8497     0.865     0.888    0.3596   0.07088   0.05477   0.02547
    42/299     23.7G   0.04802   0.02127  0.003677   0.07297       455       640    0.6959    0.8796    0.8775    0.3871   0.07605   0.04878   0.02696
    43/299     23.7G   0.04725   0.01873  0.003274   0.06926       370       640    0.7659    0.7998    0.8049    0.3071   0.07635   0.05079   0.02682
    44/299     23.7G   0.04493   0.01988  0.003215   0.06802       561       640    0.8592     0.872     0.893    0.4222    0.0696   0.05137   0.02537
    45/299     23.7G   0.04345   0.02004  0.003169   0.06665       524       640    0.8794    0.7843    0.8432    0.3281   0.07087   0.04891   0.02715
    46/299     23.7G   0.04508   0.01872  0.003024   0.06682       416       640    0.8747    0.8566    0.8866    0.3955   0.07072   0.04974   0.02507
    47/299     23.7G   0.04382   0.02118  0.002892    0.0679       521       640    0.7559    0.8804     0.821    0.3288   0.07223   0.04724   0.02679
    48/299     23.7G   0.04273   0.02077  0.002818   0.06632       415       640    0.8143    0.8814    0.8677    0.4027   0.06845   0.04669   0.02728
    49/299     23.7G   0.04218   0.02054  0.002662   0.06538       699       640    0.7916    0.9065    0.8785    0.3882   0.07158   0.05069   0.02485
    50/299     23.7G   0.04327    0.0184  0.002863   0.06453       354       640     0.882    0.9133    0.9258    0.4177   0.07026   0.04818   0.02665
    51/299     23.7G   0.04416   0.01925  0.002721   0.06613       416       640    0.8834    0.9015    0.9149    0.4406   0.06589   0.04771   0.02492
    52/299     23.7G   0.04034   0.01948  0.002501   0.06232       691       640    0.8711    0.9145    0.9127    0.4263   0.06458   0.04903   0.02703
    53/299     23.7G   0.03966   0.01951  0.002431    0.0616       578       640    0.8586    0.9183    0.9043    0.4096   0.06668     0.049   0.02583
    54/299     23.7G   0.03991    0.0195  0.002541   0.06195       435       640    0.8366    0.8992    0.8925    0.4278   0.06777   0.04383    0.0278
    55/299     23.7G   0.04035   0.01949  0.002303   0.06214       489       640    0.8418    0.8764    0.8962    0.4117   0.06737   0.04861   0.02762
    56/299     23.7G   0.03945   0.01872   0.00248   0.06065       450       640    0.8679    0.9259    0.9265    0.4186   0.06828   0.04776   0.02598
    57/299     23.7G   0.04541    0.0186  0.002372   0.06637       559       640    0.8854    0.8804    0.9067    0.4113   0.06864   0.04771   0.02728
    58/299     23.7G   0.04008   0.01963  0.002474   0.06219       443       640    0.8918    0.9344    0.9164    0.4527   0.06407    0.0456   0.02636
    59/299     23.7G   0.03943   0.01927  0.002328   0.06103       427       640     0.884    0.9369    0.9096    0.4362   0.06558   0.04596   0.02731
    60/299     23.7G    0.0388   0.01774  0.002222   0.05876       456       640    0.8684    0.9051    0.9338    0.4699   0.06278   0.04908   0.02744
    61/299     23.7G   0.03932   0.01873  0.002044    0.0601       491       640    0.8732     0.913    0.9185    0.4541    0.0663   0.04707    0.0272
    62/299     23.7G   0.03841   0.01881  0.002243   0.05946       598       640    0.8845    0.9201    0.9162    0.4737   0.06319   0.04737   0.02632
    63/299     23.7G   0.03811   0.01815  0.002304   0.05856       554       640    0.9121    0.9199     0.928    0.4586     0.064   0.04872   0.02596
    64/299     23.7G   0.03744   0.01885  0.002073   0.05836       426       640    0.8705    0.9244    0.9191    0.4335   0.06646   0.04594   0.02584
    65/299     23.7G   0.03783   0.01766  0.002216   0.05771       469       640    0.8907    0.9371    0.9207    0.4537   0.06084   0.04921   0.02736
    66/299     23.7G   0.03721   0.01744  0.002103   0.05675       555       640    0.8932    0.9312    0.9211    0.4541    0.0642   0.05004   0.02632
    67/299     23.7G   0.03687    0.0175  0.001961   0.05633       488       640    0.8768    0.9283     0.904    0.3931   0.06356   0.04971   0.02627
    68/299     23.7G   0.03734   0.01928  0.002005   0.05862       462       640     0.901    0.9427    0.9258    0.4836   0.06147   0.04576    0.0265
    69/299     23.7G   0.03577   0.01786  0.001864   0.05549       326       640    0.8963    0.9456    0.9323    0.4792   0.06008   0.04686   0.02642
    70/299     23.7G   0.03616   0.01816  0.001946   0.05627       577       640    0.8793    0.9611    0.9356    0.5041   0.06031   0.04944   0.02729
    71/299     23.7G   0.03626   0.01743  0.001954   0.05564       465       640    0.8942    0.9535    0.9419    0.4872   0.05955   0.05221   0.02671
    72/299     23.7G   0.03566    0.0175  0.002095   0.05526       467       640    0.8966    0.9321    0.9391    0.4846   0.06029     0.049    0.0275
    73/299     23.7G   0.03708   0.01685  0.002093   0.05602       435       640    0.8704    0.9546    0.9174    0.4583   0.05969    0.0499   0.02648
    74/299     23.7G   0.03487   0.01867   0.00204   0.05558       487       640    0.8818    0.9296    0.9261    0.4877   0.06075   0.04641   0.02663
    75/299     23.7G    0.0338    0.0181  0.002002    0.0539       382       640    0.8955    0.9664    0.9408    0.5088   0.05947   0.04729   0.02661
    76/299     23.7G   0.03426    0.0174  0.001968   0.05363       435       640    0.8742    0.9572    0.9354    0.4725   0.06024   0.04741   0.02757
    77/299     23.7G   0.03338   0.01729  0.001675   0.05234       431       640    0.8959    0.9509    0.9453    0.5102   0.05996   0.05065   0.02726
    78/299     23.7G   0.03538   0.01705  0.001937   0.05437       488       640    0.9102    0.9431    0.9433    0.5051   0.05859   0.05131   0.02705
    79/299     23.7G   0.03411    0.0172  0.002036   0.05335       537       640    0.8924    0.9552    0.9473    0.5156   0.05839   0.05141   0.02685
    80/299     23.7G   0.03344   0.01735  0.001903   0.05269       491       640    0.8819    0.9539    0.9405    0.5134   0.05843   0.04976   0.02655
    81/299     23.7G   0.03415   0.01708  0.001913   0.05315       635       640    0.8829    0.9423    0.9341    0.5038   0.06003   0.05141    0.0276
    82/299     23.7G   0.03476   0.01721  0.001822    0.0538       551       640    0.8925    0.9408    0.9333     0.481   0.06086   0.05132   0.02729
    83/299     23.7G   0.03353   0.01664  0.001808   0.05199       574       640    0.8936    0.9576    0.9375    0.4988    0.0595   0.04897   0.02618
    84/299     23.7G   0.03335   0.01585  0.001621   0.05082       424       640    0.9029    0.9477    0.9395    0.5173   0.05837   0.04852   0.02631
    85/299     23.7G   0.03204   0.01709  0.001942   0.05107       521       640    0.8958    0.9597    0.9478    0.5299    0.0574    0.0518   0.02646
    86/299     23.7G     0.033   0.01677  0.001693   0.05146       501       640    0.8975    0.9509    0.9451    0.5206   0.05854    0.0482   0.02631
    87/299     23.7G   0.03291   0.01661  0.001844   0.05136       472       640    0.8981    0.9568    0.9467    0.5209   0.05795   0.04879   0.02666
    88/299     23.7G    0.0331   0.01655  0.001549   0.05119       543       640    0.8846    0.9544    0.9365    0.5007   0.05869   0.04984   0.02613
    89/299     23.7G    0.0318   0.01695  0.001847    0.0506       503       640    0.9125    0.9472    0.9505    0.5288   0.05718   0.05059   0.02645
    90/299     23.7G   0.03301   0.01631  0.001885    0.0512       523       640    0.8856    0.9599    0.9456    0.5246   0.05728   0.04979     0.027
    91/299     23.7G   0.03205   0.01653  0.001553   0.05013       429       640    0.8963    0.9633    0.9521    0.5259   0.05645   0.05093    0.0272
    92/299     23.7G   0.03232   0.01696  0.001586   0.05087       405       640    0.8965    0.9733     0.953    0.5355   0.05715   0.04977   0.02671
    93/299     23.7G   0.03157   0.01556  0.001738   0.04887       293       640    0.9064    0.9541    0.9505     0.529   0.05719   0.05328    0.0265
    94/299     23.7G   0.03165   0.01788  0.001736   0.05127       525       640    0.9045    0.9576     0.943    0.5364   0.05576   0.05104   0.02652
    95/299     23.7G   0.03194   0.01658  0.001918   0.05043       505       640    0.8851    0.9547    0.9384    0.5109   0.05771   0.05172   0.02725
    96/299     23.7G   0.03272   0.01573  0.001831   0.05029       466       640    0.8945    0.9551    0.9393    0.5214   0.05613   0.04977   0.02629
    97/299     23.7G   0.03186   0.01627  0.001615   0.04975       556       640    0.8892    0.9634    0.9441    0.5206   0.05599      0.05   0.02625
    98/299     23.7G   0.03167   0.01639  0.001565   0.04963       565       640    0.8951    0.9611    0.9384    0.5119   0.05759   0.04926   0.02621
    99/299     23.7G   0.03134   0.01642  0.001521   0.04928       490       640    0.8903    0.9601    0.9409     0.524   0.05661    0.0516   0.02687
   100/299     23.7G   0.03246   0.01679  0.001676   0.05093       544       640    0.9091    0.9491    0.9427    0.5294    0.0568   0.05279   0.02673
   101/299     23.7G   0.03166   0.01694   0.00163   0.05023       469       640    0.8724    0.9636     0.942    0.5136     0.057   0.05163   0.02646
   102/299     23.7G   0.03146   0.01643  0.001595   0.04948       401       640    0.8971    0.9454    0.9406    0.5224   0.05702   0.05194   0.02577
   103/299     23.7G   0.03157   0.01671  0.001863   0.05014       552       640    0.9023    0.9638    0.9458     0.532   0.05581   0.05294   0.02621
   104/299     23.7G   0.03136   0.01656   0.00183   0.04974       615       640    0.9134    0.9341    0.9525    0.5373   0.05727   0.05351   0.02638
   105/299     23.7G   0.03214    0.0168  0.001663    0.0506       626       640    0.9038    0.9597    0.9428    0.5315   0.05623   0.05325   0.02511
   106/299     23.7G   0.03083   0.01629  0.001831   0.04895       411       640    0.9081    0.9538    0.9474    0.5354   0.05586   0.05059   0.02489
   107/299     23.7G   0.03063    0.0164  0.001552   0.04858       390       640    0.8998    0.9518    0.9433    0.5298   0.05596   0.05065   0.02564
   108/299     23.7G   0.03062   0.01649  0.001746   0.04885       518       640     0.889    0.9658    0.9513    0.5451   0.05513   0.05334   0.02605
   109/299     23.7G   0.03038   0.01719  0.001682   0.04925       409       640    0.8881    0.9526    0.9457    0.5269   0.05663   0.05275   0.02572
   110/299     23.7G   0.03138   0.01684  0.001567   0.04979       371       640    0.8927    0.9561    0.9369    0.5018   0.05813   0.05101   0.02521
   111/299     23.7G   0.03061   0.01604  0.001389   0.04804       523       640    0.9009    0.9577    0.9421    0.5429   0.05495   0.05388   0.02563
   112/299     23.7G   0.03041   0.01664  0.001947     0.049       487       640    0.8939    0.9544    0.9398    0.5309   0.05601   0.05047    0.0254
   113/299     23.7G   0.02972   0.01657  0.001685   0.04797       528       640    0.8896    0.9633    0.9481    0.5429   0.05542   0.05228   0.02593
   114/299     23.7G   0.03001   0.01606  0.001679   0.04775       480       640     0.917    0.9415    0.9429    0.5181    0.0565   0.05257   0.02572
   115/299     23.7G   0.03039   0.01635  0.001661   0.04839       456       640    0.8981    0.9519    0.9466    0.5355    0.0558   0.05351   0.02656
   116/299     23.7G   0.03077   0.01629  0.001671   0.04872       461       640    0.8987    0.9606    0.9418    0.5236   0.05683    0.0526   0.02642
   117/299     23.7G   0.03027   0.01703   0.00158   0.04887       614       640    0.8987    0.9577    0.9417    0.5345   0.05511   0.05091   0.02574
   118/299     23.7G   0.03048   0.01645  0.001549   0.04848       347       640    0.8899     0.964    0.9484    0.5407   0.05497   0.05293   0.02546
   119/299     23.7G   0.03008   0.01658  0.001292   0.04796       547       640     0.881    0.9716    0.9415    0.5325   0.05536    0.0518   0.02525
   120/299     23.7G   0.03079   0.01693  0.001365   0.04909       603       640    0.8921    0.9572    0.9343    0.5345   0.05458   0.05358   0.02607
   121/299     23.7G   0.02953   0.01647  0.001326   0.04733       585       640    0.8991     0.958    0.9413    0.5346   0.05568   0.05295   0.02597
   122/299     23.7G   0.02985   0.01521  0.001683   0.04674       546       640    0.9089    0.9539    0.9434    0.5495   0.05527   0.05528   0.02536
   123/299     23.7G   0.02927   0.01639  0.001582   0.04724       442       640     0.911    0.9457    0.9497    0.5462   0.05497     0.055   0.02579
   124/299     23.7G   0.02908   0.01498  0.001596   0.04565       446       640    0.9092     0.952    0.9561    0.5521   0.05483    0.0557   0.02508
   125/299     23.7G    0.0292   0.01672  0.001366   0.04729       502       640    0.9049    0.9488    0.9474    0.5417   0.05433   0.05526   0.02559
   126/299     23.7G   0.02988   0.01634  0.001713   0.04794       560       640     0.905    0.9548    0.9466    0.5476   0.05367   0.05437   0.02549
   127/299     23.7G    0.0288   0.01553  0.001409   0.04574       459       640    0.9118    0.9422    0.9478    0.5449   0.05405   0.05403   0.02527
   128/299     23.7G   0.02936   0.01563  0.001797   0.04679       465       640    0.9081     0.953    0.9447    0.5448   0.05421   0.05167   0.02511
   129/299     23.7G   0.02897   0.01596  0.001525   0.04645       567       640    0.8969    0.9572    0.9463    0.5519   0.05363   0.05211    0.0246
   130/299     23.7G    0.0289   0.01594  0.001623   0.04647       416       640    0.9105    0.9577    0.9455    0.5412   0.05338   0.05492   0.02476
   131/299     23.7G   0.02886   0.01605  0.001559   0.04647       490       640    0.9094    0.9556    0.9556    0.5547   0.05358   0.05479    0.0252
   132/299     23.7G   0.02871   0.01581  0.001503   0.04602       467       640    0.9144    0.9454    0.9464    0.5444   0.05298   0.05635   0.02474
   133/299     23.7G   0.02925   0.01619  0.001599   0.04703       468       640    0.9056    0.9546    0.9507    0.5419   0.05366   0.05413    0.0251
   134/299     23.7G   0.02911   0.01618  0.001643   0.04694       472       640    0.8944    0.9659    0.9403    0.5324   0.05438   0.05177   0.02455
   135/299     23.7G   0.02873   0.01652    0.0017   0.04695       516       640    0.8951     0.967     0.943    0.5546   0.05293    0.0544   0.02399
   136/299     23.7G   0.02946   0.01617  0.001598   0.04723       448       640     0.899     0.959    0.9289    0.5133   0.05527   0.05207     0.024
   137/299     23.7G   0.02825   0.01681  0.001591   0.04665       614       640    0.9175    0.9571    0.9451    0.5416   0.05377   0.05416   0.02461
   138/299     23.7G   0.02874   0.01652  0.001474   0.04673       568       640     0.904      0.97    0.9509    0.5432   0.05322   0.05559   0.02494
   139/299     23.7G    0.0291   0.01511  0.001494   0.04571       485       640    0.9001    0.9686    0.9507    0.5436   0.05398   0.05603   0.02444
   140/299     23.7G   0.02836   0.01595  0.001901   0.04621       403       640    0.8897    0.9742    0.9503    0.5548   0.05345   0.05386   0.02448
   141/299     23.7G   0.02801   0.01595  0.001533   0.04549       541       640    0.9053    0.9618    0.9468    0.5471   0.05324   0.05298    0.0246
   142/299     23.7G   0.02849   0.01605  0.001638   0.04618       344       640    0.9003    0.9631    0.9437    0.5507   0.05267   0.05545   0.02469
   143/299     23.7G   0.02868   0.01607  0.001349    0.0461       482       640    0.8913    0.9703    0.9462    0.5353   0.05385   0.05752   0.02445
   144/299     23.7G   0.02865   0.01537   0.00164   0.04566       531       640    0.9105    0.9603    0.9469    0.5539   0.05294   0.05743   0.02459
   145/299     23.7G   0.02807   0.01599  0.001537    0.0456       471       640    0.9018    0.9588    0.9423    0.5498    0.0526   0.05647   0.02493
   146/299     23.7G   0.02799   0.01596   0.00123   0.04518       493       640    0.9001    0.9577    0.9432    0.5532   0.05219   0.05734   0.02449
   147/299     23.7G   0.02731   0.01628  0.001338   0.04493       656       640     0.897    0.9646    0.9453    0.5425   0.05373   0.05605   0.02479
   148/299     23.7G   0.02822   0.01623  0.001472   0.04592       524       640    0.8922      0.97    0.9459    0.5494   0.05248   0.05611   0.02517
   149/299     23.7G   0.02826    0.0165  0.001569   0.04633       482       640    0.9075    0.9557    0.9402    0.5474   0.05243   0.05541   0.02475
   150/299     23.7G   0.02779   0.01627  0.001336   0.04539       481       640    0.9125    0.9537    0.9439    0.5486   0.05275   0.05523   0.02458
   151/299     23.7G   0.02795   0.01573  0.001341   0.04502       496       640    0.9041     0.957    0.9422    0.5504   0.05247   0.05724   0.02489
   152/299     23.7G   0.02851   0.01517  0.001275   0.04496       425       640    0.9198    0.9509    0.9447    0.5225   0.05506    0.0553   0.02518
   153/299     23.7G     0.028   0.01671   0.00143   0.04614       492       640    0.9069    0.9664     0.946     0.547   0.05293   0.05395   0.02509
   154/299     23.7G   0.02781   0.01601  0.001422   0.04524       533       640    0.9069    0.9619    0.9468    0.5376    0.0536   0.05297   0.02552
   155/299     23.7G   0.02798   0.01476  0.001429   0.04417       465       640     0.899    0.9609    0.9467    0.5475   0.05316   0.05652   0.02507
   156/299     23.7G   0.02794    0.0159  0.001454   0.04529       511       640    0.9146    0.9505    0.9461    0.5484   0.05258   0.05625   0.02507
   157/299     23.7G   0.02772   0.01536   0.00143   0.04451       407       640    0.9062    0.9675    0.9508    0.5527   0.05235   0.05628   0.02509
   158/299     23.7G   0.02783   0.01624  0.001278   0.04535       513       640    0.9142    0.9547    0.9515    0.5561   0.05259   0.05652   0.02461
   159/299     23.7G   0.02764   0.01553  0.001424   0.04459       478       640    0.9057    0.9608    0.9459    0.5515   0.05221   0.05546   0.02463
   160/299     23.7G   0.02702   0.01633  0.001351    0.0447       517       640    0.9117    0.9541      0.95    0.5631   0.05272   0.05732   0.02506
   161/299     23.7G    0.0272   0.01592   0.00147   0.04459       490       640    0.9136    0.9596    0.9442    0.5557   0.05263   0.05579   0.02491
   162/299     23.7G    0.0272   0.01569  0.001351   0.04424       481       640    0.9036    0.9644    0.9429    0.5563   0.05243   0.05584   0.02501
   163/299     23.7G   0.02749   0.01555  0.001288   0.04433       499       640    0.9057    0.9597    0.9391     0.552   0.05173   0.05771   0.02504
   164/299     23.7G   0.02728   0.01554  0.001596   0.04442       303       640    0.9081    0.9552    0.9422    0.5518   0.05181    0.0576   0.02468
   165/299     23.7G   0.02715   0.01525  0.001383   0.04378       487       640    0.9043    0.9632    0.9447    0.5525   0.05246   0.05666   0.02502
   166/299     23.7G   0.02675   0.01528  0.001329   0.04336       482       640    0.9186    0.9515    0.9474    0.5507    0.0524   0.05804   0.02474
   167/299     23.7G   0.02688   0.01608  0.001604   0.04457       523       640       0.9    0.9728    0.9485    0.5557   0.05161   0.05808   0.02496
   168/299     23.7G   0.02743   0.01551  0.001585   0.04453       472       640    0.8921     0.968    0.9448    0.5468    0.0523   0.05755   0.02452
   169/299     23.7G   0.02704    0.0156  0.001438   0.04407       498       640    0.9044    0.9541    0.9438    0.5527   0.05205   0.05756   0.02474
   170/299     23.7G   0.02697   0.01645  0.001576     0.045       573       640    0.9124      0.95    0.9428    0.5457   0.05265   0.05471   0.02434
   171/299     23.7G   0.02726   0.01615  0.001463   0.04488       478       640    0.8939    0.9651    0.9443    0.5473   0.05255   0.05676   0.02386
   172/299     23.7G   0.02679   0.01615  0.001299   0.04425       596       640    0.8938    0.9708    0.9437    0.5543   0.05249   0.05603   0.02398
   173/299     23.7G   0.02749   0.01554  0.001529   0.04456       451       640    0.8975    0.9647    0.9502    0.5543    0.0525   0.05558   0.02478
   174/299     23.7G   0.02739   0.01572  0.001632   0.04474       554       640    0.9025    0.9573    0.9423    0.5544   0.05195   0.05637    0.0246
   175/299     23.7G   0.02704   0.01591   0.00142   0.04437       515       640    0.9179    0.9447    0.9455    0.5413   0.05273   0.05774    0.0243
   176/299     23.7G   0.02634   0.01637  0.001355   0.04407       432       640    0.8942    0.9771    0.9523    0.5548   0.05176   0.05719   0.02446
   177/299     23.7G   0.02668   0.01506  0.001517   0.04326       479       640    0.9067    0.9652    0.9465    0.5486   0.05177   0.05727   0.02408
   178/299     23.7G   0.02692   0.01507  0.001389   0.04337       509       640    0.8956    0.9716    0.9451    0.5531   0.05208   0.05753    0.0243
   179/299     23.7G   0.02694   0.01579  0.001305   0.04404       456       640    0.9088    0.9642    0.9487    0.5544   0.05191   0.05704   0.02424
   180/299     23.7G   0.02655   0.01559  0.001301   0.04344       660       640    0.9149    0.9551    0.9455    0.5512    0.0521   0.05722    0.0249
   181/299     23.7G   0.02694   0.01647  0.001367   0.04477       482       640    0.9194    0.9548    0.9446    0.5503   0.05167   0.05756   0.02497
   182/299     23.7G   0.02656   0.01577  0.001419   0.04375       587       640    0.9024    0.9673    0.9425    0.5531   0.05162   0.05845   0.02503
   183/299     23.7G   0.02658   0.01489  0.001363   0.04283       430       640     0.914    0.9464    0.9442    0.5528   0.05142   0.05702   0.02506
   184/299     23.7G     0.026   0.01535  0.001192   0.04255       450       640    0.9097    0.9593    0.9401    0.5421   0.05168    0.0564   0.02462
   185/299     23.7G   0.02648   0.01587  0.001481   0.04383       375       640    0.9099    0.9646    0.9472     0.549   0.05149   0.05765   0.02465
   186/299     23.7G   0.02666   0.01477  0.001489   0.04291       583       640    0.9124    0.9565    0.9438    0.5496   0.05228   0.05704   0.02491
   187/299     23.7G   0.02668   0.01518  0.001302   0.04316       434       640    0.8983    0.9676    0.9396    0.5567   0.05158   0.05759   0.02463
   188/299     23.7G   0.02642   0.01505  0.001526   0.04299       585       640     0.906    0.9656    0.9507    0.5592   0.05167   0.05787   0.02482
   189/299     23.7G   0.02638   0.01457  0.001211   0.04216       424       640    0.8967    0.9714    0.9459    0.5542   0.05145   0.05831   0.02489
   190/299     23.7G   0.02679   0.01515  0.001242   0.04318       513       640    0.8936     0.973    0.9468    0.5627    0.0514    0.0579   0.02469
   191/299     23.7G   0.02604    0.0156  0.001302   0.04294       451       640    0.8999    0.9625    0.9411    0.5496   0.05168   0.05757   0.02451
   192/299     23.7G   0.02628   0.01601  0.001412    0.0437       474       640    0.9052    0.9608     0.944    0.5514   0.05122   0.05851   0.02463
   193/299     23.7G    0.0263   0.01532  0.001208   0.04283       455       640     0.896    0.9694    0.9421    0.5541   0.05143   0.05963   0.02469
   194/299     23.7G   0.02628   0.01532  0.001342   0.04295       363       640    0.9043    0.9598    0.9421    0.5532   0.05151   0.05835   0.02511
   195/299     23.7G   0.02597   0.01559  0.001371   0.04293       472       640    0.9042     0.959    0.9426     0.549   0.05255   0.05886   0.02567
   196/299     23.7G    0.0263   0.01489  0.001139   0.04233       431       640    0.9039    0.9582    0.9425    0.5548   0.05187   0.05787   0.02556
   197/299     23.7G   0.02611   0.01554  0.001287   0.04295       415       640    0.9095    0.9525    0.9399     0.553   0.05192   0.05661   0.02507
   198/299     23.7G   0.02599   0.01529    0.0014   0.04268       420       640    0.9081    0.9529    0.9395    0.5521   0.05196   0.05721   0.02507
   199/299     23.7G   0.02635   0.01568  0.001395   0.04342       437       640    0.9168    0.9477    0.9455    0.5586   0.05147   0.05869   0.02488
   200/299     23.7G   0.02566    0.0148  0.001103   0.04156       405       640    0.8932    0.9647    0.9393    0.5531   0.05116   0.05908     0.025
   201/299     23.7G   0.02577    0.0158  0.001297   0.04287       556       640    0.8952    0.9697    0.9398     0.551   0.05115    0.0595    0.0253
   202/299     23.7G   0.02584   0.01568  0.001387   0.04291       476       640    0.9074    0.9551    0.9368    0.5475   0.05151   0.05796   0.02509
   203/299     23.7G   0.02604   0.01562  0.001473   0.04313       520       640    0.9094     0.952    0.9392    0.5571   0.05159   0.05925   0.02498
   204/299     23.7G   0.02592   0.01507  0.001327   0.04231       373       640    0.8953    0.9703    0.9399    0.5559   0.05148   0.05853   0.02526
   205/299     23.7G   0.02592   0.01569  0.001493    0.0431       447       640    0.8989    0.9667    0.9444    0.5567   0.05095   0.05771   0.02501
   206/299     23.7G   0.02591   0.01518  0.001302    0.0424       508       640    0.9165    0.9529     0.951    0.5604   0.05122   0.05843   0.02483
   207/299     23.7G   0.02592    0.0154  0.001281   0.04259       360       640     0.906      0.96    0.9413    0.5517   0.05149   0.05786   0.02417
   208/299     23.7G   0.02594    0.0143  0.001355   0.04159       475       640    0.9076    0.9592    0.9402     0.551   0.05156    0.0588    0.0242
   209/299     23.7G   0.02566    0.0155  0.001221   0.04239       673       640    0.9053    0.9639    0.9442    0.5559   0.05139   0.05828   0.02468
   210/299     23.7G   0.02575    0.0159  0.001108   0.04276       440       640    0.8948    0.9648     0.934    0.5496    0.0512   0.05773   0.02514
   211/299     23.7G   0.02551   0.01569  0.001493   0.04269       430       640    0.9107    0.9479    0.9433    0.5583   0.05096   0.05923   0.02539
   212/299     23.7G   0.02495   0.01587  0.001152   0.04198       462       640     0.896    0.9718    0.9421    0.5576   0.05118   0.05962   0.02535
   213/299     23.7G    0.0255   0.01507  0.001212   0.04178       411       640    0.9051    0.9595    0.9454    0.5627    0.0511   0.05978   0.02537
   214/299     23.7G   0.02535   0.01669  0.001446   0.04349       556       640    0.9094    0.9556    0.9411    0.5587   0.05074   0.05866   0.02529
   215/299     23.7G   0.02564   0.01511  0.001434   0.04218       390       640    0.8891    0.9725    0.9371    0.5551   0.05089   0.05915   0.02522
   216/299     23.7G    0.0257   0.01607  0.001147   0.04292       518       640    0.9048     0.951    0.9341     0.551   0.05111   0.05809   0.02522
   217/299     23.7G   0.02562   0.01535  0.001426   0.04239       513       640    0.9037    0.9578    0.9352    0.5557   0.05105    0.0588   0.02486
   218/299     23.7G   0.02527   0.01479  0.001267   0.04132       365       640    0.8942    0.9715    0.9388     0.553    0.0509   0.05911   0.02491
   219/299     23.7G   0.02506   0.01498  0.001379   0.04142       528       640    0.9076    0.9646    0.9461    0.5582   0.05061   0.06043   0.02443
   220/299     23.7G    0.0257    0.0151  0.001633   0.04243       545       640    0.9025    0.9661    0.9412    0.5542   0.05103   0.05887   0.02452
   221/299     23.7G   0.02539   0.01543  0.001353   0.04217       593       640    0.9025    0.9667    0.9391    0.5489   0.05096   0.05795    0.0246
   222/299     23.7G     0.025   0.01491  0.001243   0.04115       543       640    0.8892    0.9716    0.9373    0.5552   0.05087   0.05712    0.0248
   223/299     23.7G   0.02538   0.01502  0.001033   0.04144       559       640     0.899    0.9677    0.9423    0.5576   0.05081   0.05901    0.0247
   224/299     23.7G   0.02562   0.01512  0.001271   0.04201       473       640    0.9174    0.9537    0.9438    0.5518   0.05096   0.05894   0.02475
   225/299     23.7G   0.02517   0.01463  0.001199   0.04099       365       640    0.8977    0.9685    0.9408     0.553   0.05107   0.05949   0.02489
   226/299     23.7G   0.02505   0.01426  0.001177   0.04048       433       640    0.8962     0.973    0.9449    0.5599   0.05085   0.05905   0.02521
   227/299     23.7G   0.02556   0.01508   0.00138   0.04203       375       640    0.9002     0.967    0.9418    0.5599   0.05068   0.05855   0.02508
   228/299     23.7G   0.02534   0.01504   0.00128   0.04167       410       640     0.908    0.9615     0.939    0.5549    0.0505   0.05884   0.02502
   229/299     23.7G   0.02545    0.0151    0.0012   0.04175       518       640    0.9104    0.9555    0.9404    0.5588   0.05089   0.05901   0.02523
   230/299     23.7G     0.025    0.0158  0.001283   0.04209       536       640    0.9064    0.9611    0.9401    0.5564   0.05083   0.05967   0.02528
   231/299     23.7G   0.02564   0.01568  0.001376    0.0427       494       640    0.9105    0.9616    0.9435    0.5625   0.05096   0.06021   0.02513
   232/299     23.7G   0.02498   0.01544  0.001134   0.04156       431       640    0.9047    0.9626    0.9399    0.5525   0.05069   0.05944   0.02507
   233/299     23.7G   0.02523   0.01546  0.001238   0.04192       480       640    0.9033    0.9629     0.939    0.5492   0.05062   0.06058   0.02522
   234/299     23.7G   0.02523   0.01606  0.001128   0.04242       493       640    0.9066    0.9639    0.9365    0.5512   0.05074   0.05902   0.02512
   235/299     23.7G   0.02496   0.01491  0.001157   0.04103       514       640    0.9027    0.9608     0.939     0.551   0.05055    0.0591   0.02553
   236/299     23.7G   0.02473   0.01509  0.001369   0.04119       643       640     0.907    0.9597     0.939     0.554   0.05061   0.05888   0.02545
   237/299     23.7G    0.0249   0.01464  0.001194   0.04074       499       640    0.9148    0.9531    0.9373     0.556   0.05066   0.05932   0.02548
   238/299     23.7G   0.02502    0.0145  0.001359   0.04088       498       640    0.9116    0.9565    0.9397    0.5507    0.0508   0.05837    0.0255
   239/299     23.7G   0.02492    0.0159  0.001355   0.04217       457       640     0.905    0.9614    0.9381     0.552   0.05076   0.05916   0.02529
   240/299     23.7G   0.02463   0.01527  0.001338   0.04124       522       640    0.9084    0.9614      0.94    0.5504   0.05067   0.05938   0.02482
   241/299     23.7G   0.02495   0.01549  0.001178   0.04162       406       640     0.895    0.9738      0.94    0.5524   0.05084   0.05886   0.02513
   242/299     23.7G   0.02474   0.01497  0.001286   0.04099       537       640    0.9182    0.9551    0.9441    0.5612    0.0507   0.05927   0.02519
   243/299     23.7G   0.02494     0.016  0.001275   0.04221       553       640    0.9083    0.9659      0.94    0.5542   0.05083   0.05949   0.02528
   244/299     23.7G   0.02487   0.01582  0.001309     0.042       434       640    0.9009    0.9677    0.9359     0.552   0.05094   0.05865    0.0252
   245/299     23.7G   0.02512   0.01451  0.001626   0.04126       526       640    0.9014    0.9705     0.936    0.5519   0.05046   0.05845   0.02446
   246/299     23.7G   0.02494   0.01503  0.001272   0.04124       450       640    0.9093    0.9543    0.9355    0.5503   0.05043   0.05798   0.02449
   247/299     23.7G   0.02444   0.01508  0.001345   0.04086       458       640    0.8893    0.9759    0.9338    0.5527   0.05015   0.06002   0.02456
   248/299     23.7G    0.0249   0.01488  0.001426    0.0412       567       640    0.9025    0.9664    0.9377    0.5535   0.05027   0.06033   0.02436
   249/299     23.7G   0.02481   0.01599  0.001161   0.04196       495       640    0.9022    0.9645    0.9368    0.5579   0.05029   0.05987   0.02461
   250/299     23.7G   0.02466   0.01506  0.001264   0.04098       590       640    0.9085    0.9606    0.9352    0.5502   0.05039   0.06092   0.02478
   251/299     23.7G   0.02502   0.01453  0.001275   0.04083       477       640    0.9099    0.9575    0.9369    0.5545   0.05028   0.05966    0.0247
   252/299     23.7G   0.02465   0.01536  0.001259   0.04127       582       640    0.9063    0.9587     0.937     0.556   0.05034   0.05899   0.02496
   253/299     23.7G   0.02497   0.01478   0.00146   0.04121       517       640     0.902     0.963    0.9376    0.5535   0.05031    0.0591   0.02493
   254/299     23.7G   0.02472   0.01483  0.001197   0.04075       416       640    0.9115    0.9545    0.9413    0.5565   0.05044   0.05933   0.02478
   255/299     23.7G   0.02487   0.01464  0.001423   0.04094       448       640    0.9066     0.964    0.9434    0.5519   0.05043   0.06029   0.02472
   256/299     23.7G   0.02492   0.01526  0.001178   0.04136       447       640    0.9063    0.9596    0.9412    0.5514   0.05042   0.06063   0.02481
   257/299     23.7G   0.02468   0.01572  0.001406   0.04181       611       640    0.8949    0.9688      0.94    0.5518   0.05052   0.06029   0.02489
   258/299     23.7G   0.02453   0.01512  0.001052    0.0407       511       640    0.9045    0.9614    0.9398    0.5496   0.05057   0.06025     0.025
   259/299     23.7G     0.025   0.01521  0.001249   0.04146       532       640    0.9084    0.9558    0.9404    0.5531   0.05052   0.05995   0.02513
   260/299     23.7G   0.02484   0.01475  0.001135   0.04073       468       640    0.8917     0.974    0.9407    0.5593   0.05052   0.06025   0.02532
   261/299     23.7G   0.02466   0.01519  0.001134   0.04099       577       640    0.8984    0.9679    0.9402    0.5566    0.0502   0.06013   0.02528
   262/299     23.7G   0.02469   0.01523 0.0009623   0.04089       435       640    0.9015    0.9688    0.9394    0.5549   0.05053    0.0595   0.02528
   263/299     23.7G   0.02467   0.01573  0.001525   0.04192       403       640    0.9035     0.967    0.9384    0.5532   0.05065   0.05934   0.02544
   264/299     23.7G   0.02435   0.01495    0.0011    0.0404       492       640     0.891    0.9749    0.9404    0.5588   0.05063   0.06007   0.02545
   265/299     23.7G   0.02449   0.01497  0.001286   0.04074       459       640    0.9104    0.9581    0.9434    0.5551   0.05056   0.05957   0.02546
   266/299     23.7G   0.02472   0.01477  0.001259   0.04075       499       640     0.906    0.9653    0.9442    0.5581   0.05051   0.05985    0.0255
   267/299     23.7G   0.02436   0.01371  0.001135   0.03921       543       640    0.9044    0.9679    0.9443    0.5575   0.05052   0.06029    0.0255
   268/299     23.7G   0.02437   0.01477  0.001265   0.04041       473       640    0.9133    0.9573    0.9405    0.5553   0.05026   0.05984   0.02542
   269/299     23.7G   0.02456   0.01526  0.001092   0.04091       409       640    0.9082    0.9626    0.9382    0.5513   0.05028   0.05938   0.02557
   270/299     23.7G   0.02507   0.01507    0.0013   0.04145       508       640     0.902    0.9687    0.9344    0.5504   0.05034   0.05928   0.02567
   271/299     23.7G   0.02391   0.01472  0.001283   0.03992       376       640     0.902    0.9676    0.9366    0.5482   0.05019   0.05983   0.02554
   272/299     23.7G   0.02411   0.01509  0.001509   0.04072       493       640    0.9051    0.9603     0.939    0.5477   0.05015   0.06034   0.02535
   273/299     23.7G   0.02436   0.01434  0.001228   0.03993       357       640     0.912    0.9554    0.9414    0.5538   0.05031   0.06037   0.02502
   274/299     23.7G   0.02435   0.01405  0.001258   0.03966       438       640    0.9173    0.9555    0.9423    0.5557   0.05045   0.06046   0.02494
   275/299     23.7G   0.02462   0.01361  0.001128   0.03935       435       640    0.9142    0.9566     0.938    0.5549   0.05066   0.05925   0.02506
   276/299     23.7G   0.02474   0.01502  0.001302   0.04106       507       640    0.9088    0.9648     0.939    0.5534   0.05051   0.05921   0.02523
   277/299     23.7G    0.0244   0.01443  0.001137   0.03997       505       640    0.9128    0.9565    0.9401    0.5522    0.0504   0.06006   0.02514
   278/299     23.7G    0.0243   0.01498  0.001175   0.04046       688       640    0.9142    0.9559    0.9434    0.5473   0.05045   0.06017   0.02533
   279/299     23.7G   0.02416   0.01443  0.001072   0.03966       651       640    0.9086    0.9689    0.9468     0.551   0.05043   0.06008   0.02528
   280/299     23.7G   0.02465   0.01496   0.00141   0.04102       479       640    0.9084    0.9633    0.9397    0.5473   0.05046   0.06053   0.02525
   281/299     23.7G   0.02419   0.01505  0.001142   0.04037       444       640    0.9108     0.962    0.9383    0.5504   0.05026   0.05962   0.02516
   282/299     23.7G   0.02429   0.01506   0.00119   0.04054       335       640     0.914    0.9599    0.9426    0.5526   0.05012   0.06059   0.02517
   283/299     23.7G   0.02455   0.01457  0.001398   0.04052       487       640    0.9124     0.963      0.94    0.5543   0.05024   0.06002    0.0252
   284/299     23.7G   0.02403   0.01492  0.001221   0.04017       451       640    0.9164    0.9588    0.9394    0.5521   0.05038   0.05995   0.02527
   285/299     23.7G    0.0241   0.01481  0.001239   0.04015       462       640    0.9137    0.9597    0.9402    0.5539    0.0502   0.06097   0.02527
   286/299     23.7G   0.02453   0.01473  0.001158   0.04043       509       640    0.9103    0.9596    0.9392    0.5491   0.05025   0.06065   0.02498
   287/299     23.7G   0.02415   0.01526  0.001244   0.04066       473       640    0.9062    0.9609    0.9334    0.5484   0.05028   0.05995   0.02505
   288/299     23.7G   0.02418   0.01532   0.00123   0.04073       550       640    0.9101    0.9594     0.936    0.5513   0.05033   0.05944   0.02505
   289/299     23.7G   0.02434   0.01566  0.001206   0.04121       481       640     0.909    0.9599    0.9374    0.5497   0.05043   0.05983   0.02503
   290/299     23.7G   0.02392   0.01485  0.001194   0.03997       541       640    0.9048    0.9619    0.9362    0.5495   0.05075   0.05907   0.02514
   291/299     23.7G   0.02435   0.01489  0.001398   0.04064       499       640    0.9061    0.9653    0.9386      0.55   0.05044    0.0599   0.02525
   292/299     23.7G    0.0243   0.01544  0.001137   0.04087       510       640     0.901    0.9649    0.9399    0.5541   0.05024    0.0593    0.0253
   293/299     23.7G   0.02437   0.01493  0.001308   0.04061       529       640    0.9119    0.9535    0.9372    0.5489    0.0502   0.05947   0.02527
   294/299     23.7G   0.02417   0.01523  0.001297   0.04069       458       640    0.9067    0.9581    0.9378    0.5538   0.05045   0.05932   0.02537
   295/299     23.7G   0.02469   0.01433  0.001354   0.04038       551       640    0.9095    0.9624    0.9446    0.5541   0.05044   0.06058   0.02541
   296/299     23.7G   0.02392   0.01519  0.001161   0.04028       591       640    0.9151    0.9585    0.9426    0.5524   0.05049   0.06098   0.02538
   297/299     23.7G   0.02413   0.01486  0.001024   0.04002       489       640    0.9133    0.9561    0.9391    0.5519   0.05047   0.06025   0.02525
   298/299     23.7G   0.02395   0.01475  0.001116   0.03982       522       640    0.9118    0.9577    0.9416    0.5528   0.05064   0.06066   0.02509
   299/299     23.7G    0.0242   0.01451  0.001149   0.03986       393       640    0.9064    0.9678    0.9405    0.5558   0.05035   0.06036    0.0253
