     0/299     17.5G   0.07481  0.009204   0.01297   0.09698        69       640    0.1839   0.07044   0.04442  0.008713   0.09571   0.02056   0.01527
     1/299     22.9G   0.06371  0.008957  0.008883   0.08155        75       640   0.08634    0.1929    0.0455   0.01106   0.08944    0.0203   0.01491
     2/299     22.9G   0.05921  0.008539   0.00626   0.07401        87       640    0.1701    0.2851    0.1168    0.0347   0.07951   0.02027   0.01812
     3/299     22.9G    0.0567  0.008474  0.004626    0.0698        65       640     0.279    0.3346    0.2153   0.07562   0.07536   0.01965  0.008302
     4/299     22.9G   0.05445  0.008337  0.003627   0.06642        74       640    0.3775      0.39    0.3307    0.1353   0.07377   0.01883   0.01075
     5/299     22.9G   0.05336  0.008257  0.003129   0.06474        93       640    0.3781    0.3764    0.3294    0.1408    0.0705   0.01881  0.009898
     6/299     22.9G   0.05213  0.008189   0.00268     0.063        82       640    0.4748    0.4715    0.4412    0.1968   0.06998   0.01717   0.01126
     7/299     22.9G   0.05131  0.007966  0.002365   0.06164        76       640     0.479    0.5331    0.4855    0.2194   0.06926   0.01641  0.008846
     8/299     22.9G   0.05094  0.007967  0.002185   0.06109        94       640    0.5656    0.5333    0.5307    0.2464   0.06692   0.01645  0.008646
     9/299     22.9G    0.0503  0.007877  0.002007   0.06018        84       640    0.5648    0.5989    0.5635    0.2524   0.06687    0.0156  0.008676
    10/299     22.9G   0.04957  0.007751  0.001833   0.05915        91       640    0.5889    0.5766    0.5696    0.2593   0.06712   0.01574   0.01019
    11/299     22.9G   0.04913  0.007687  0.001699   0.05852        90       640    0.6383    0.6756    0.6677    0.3039   0.06555   0.01499  0.007726
    12/299     22.9G   0.04895  0.007603  0.001618   0.05817        83       640    0.6944     0.634    0.6598    0.3113    0.0653   0.01475  0.008933
    13/299     22.9G   0.04838  0.007543  0.001548   0.05747        66       640    0.6682    0.6562    0.6777    0.3145   0.06424   0.01486  0.008124
    14/299     22.9G   0.04797  0.007443  0.001481   0.05689        98       640    0.6444    0.7304     0.697    0.3322   0.06391   0.01417  0.007521
    15/299     22.9G   0.04766  0.007472  0.001361   0.05649        71       640    0.7239    0.6977    0.7248    0.3349   0.06333   0.01456  0.006697
    16/299     22.9G   0.04755  0.007266   0.00131   0.05612        59       640    0.6853    0.7511    0.7449    0.3518   0.06219   0.01428  0.006446
    17/299     22.9G    0.0471  0.007209  0.001275   0.05559        45       640    0.7001    0.7775    0.7763     0.368   0.06287   0.01407  0.006511
    18/299     22.9G   0.04696   0.00713  0.001199   0.05529        81       640    0.7885    0.7451    0.7686    0.3656   0.06262    0.0141  0.007772
    19/299     22.9G   0.04665  0.007056  0.001122   0.05482        74       640    0.7668    0.7719    0.7827    0.3759   0.06276   0.01388  0.007668
    20/299     22.9G   0.04636  0.007023   0.00117   0.05456        74       640    0.7711    0.7624     0.784    0.3753   0.06159   0.01387  0.007145
    21/299     22.9G   0.04609  0.006943  0.001058   0.05409        58       640    0.7706    0.7783    0.8022     0.385   0.06149   0.01382  0.006335
    22/299     22.9G   0.04596  0.006848  0.001094    0.0539        93       640    0.7583     0.796    0.8092    0.3934    0.0609   0.01387  0.006591
    23/299     22.9G   0.04573    0.0068  0.001137   0.05366        78       640    0.8019    0.8082    0.8335    0.4087   0.06052   0.01386  0.006424
    24/299     22.9G   0.04535  0.006755  0.001013   0.05312        79       640     0.838     0.764    0.8247    0.4015   0.06032   0.01396  0.006675
    25/299     22.9G    0.0454   0.00673  0.001022   0.05315        71       640    0.8183    0.7965    0.8324    0.4093   0.06032   0.01391  0.007205
    26/299     22.9G   0.04517  0.006753  0.001066   0.05299        84       640    0.8136    0.7932    0.8242    0.4114   0.06004   0.01378  0.006791
    27/299     22.9G   0.04486  0.006654 0.0009346   0.05245        76       640    0.8249    0.7851    0.8344    0.4191   0.05965   0.01374  0.006467
    28/299     22.9G    0.0449  0.006668 0.0009479   0.05252        69       640    0.8049    0.8067    0.8276    0.4171   0.05919   0.01385   0.00604
    29/299     22.9G    0.0447  0.006646 0.0009343   0.05228        89       640    0.7945     0.826    0.8357      0.42   0.05908   0.01386  0.006137
    30/299     22.9G   0.04443  0.006579 0.0009191   0.05193        84       640     0.798    0.8233    0.8431    0.4272    0.0586   0.01389  0.006151
    31/299     22.9G   0.04465  0.006459 0.0008628   0.05197       111       640    0.8245    0.8091    0.8517    0.4302   0.05881   0.01393  0.006133
    32/299     22.9G   0.04441  0.006508 0.0009036   0.05182        91       640    0.8149    0.8432    0.8607    0.4358   0.05826   0.01393  0.006096
    33/299     22.9G   0.04429  0.006585  0.000988   0.05187        53       640    0.8166    0.8535    0.8616    0.4377   0.05814   0.01394  0.006237
    34/299     22.9G   0.04417  0.006451 0.0008592   0.05148        82       640    0.8189    0.8461    0.8565    0.4385   0.05795   0.01397  0.006083
    35/299     22.9G   0.04401  0.006475 0.0008845   0.05137        89       640    0.8192     0.853    0.8629    0.4384   0.05786   0.01399  0.006066
    36/299     22.9G   0.04383  0.006472 0.0008162   0.05112        86       640    0.8243    0.8572    0.8645    0.4405   0.05781   0.01393  0.006022
    37/299     22.9G   0.04369  0.006377 0.0008232   0.05089        70       640    0.8439    0.8389    0.8658    0.4423   0.05763   0.01392  0.005993
    38/299     22.9G   0.04375  0.006341 0.0008595   0.05095       100       640     0.841    0.8411    0.8686    0.4456   0.05757    0.0139  0.006076
    39/299     22.9G   0.04355  0.006361 0.0007596   0.05067        80       640    0.8529    0.8356    0.8736    0.4489    0.0573   0.01396  0.005899
    40/299     22.9G   0.04358   0.00637 0.0008604   0.05081        67       640    0.8517    0.8341    0.8766    0.4507   0.05717   0.01401  0.005901
    41/299     22.9G    0.0432  0.006314  0.000763   0.05028        88       640    0.8352    0.8523    0.8772    0.4506   0.05688   0.01404  0.005948
    42/299     22.9G   0.04305  0.006356 0.0007541   0.05016        75       640    0.8477    0.8429    0.8787    0.4542   0.05676   0.01407  0.006027
    43/299     22.9G   0.04334  0.006337 0.0007308   0.05041        73       640    0.8148    0.8806    0.8799     0.456   0.05671   0.01406  0.006059
    44/299     22.9G   0.04312  0.006253 0.0007635   0.05014       121       640    0.8367    0.8605    0.8815     0.458   0.05667   0.01407  0.006002
    45/299     22.9G   0.04303  0.006268 0.0007246   0.05003        63       640    0.8443    0.8627    0.8844    0.4597   0.05662   0.01407  0.006044
    46/299     22.9G   0.04303  0.006281 0.0008086   0.05012        84       640     0.851    0.8614    0.8849    0.4617   0.05659   0.01408  0.005975
    47/299     22.9G   0.04273  0.006181 0.0006933    0.0496        74       640    0.8516    0.8629    0.8859    0.4611   0.05651   0.01412  0.005972
    48/299     22.9G    0.0429  0.006189 0.0007769   0.04987        42       640    0.8511    0.8639    0.8868     0.463   0.05643   0.01416  0.005996
    49/299     22.9G   0.04261  0.006183 0.0006902   0.04949        74       640    0.8523    0.8622    0.8875    0.4645   0.05638   0.01417  0.005997
    50/299     22.9G   0.04264  0.006235 0.0007417   0.04962        83       640    0.8489    0.8652    0.8884    0.4664   0.05633   0.01419  0.005993
    51/299     22.9G   0.04233  0.006175 0.0006755   0.04918        68       640    0.8527    0.8671    0.8898    0.4677    0.0563   0.01419   0.00601
    52/299     22.9G    0.0423  0.006148 0.0006892   0.04914        96       640    0.8488    0.8675    0.8909    0.4673   0.05625   0.01421  0.006008
    53/299     22.9G   0.04249  0.006156 0.0006992   0.04934        62       640     0.848     0.867    0.8916    0.4669    0.0562   0.01423  0.005981
    54/299     22.9G   0.04238  0.006113 0.0007496   0.04924        61       640    0.8422    0.8795    0.8933    0.4681   0.05615   0.01423  0.005958
    55/299     22.9G   0.04239  0.006069 0.0006959   0.04915        73       640    0.8444    0.8787    0.8942    0.4693   0.05607   0.01424  0.005931
    56/299     22.9G   0.04239  0.006087    0.0008   0.04928        39       640     0.842    0.8775    0.8946    0.4699   0.05604   0.01425  0.005906
    57/299     22.9G   0.04222  0.006054 0.0007088   0.04898       105       640    0.8348    0.8841    0.8952    0.4711   0.05601   0.01426  0.005874
    58/299     22.9G    0.0421  0.006075  0.000669   0.04884        95       640    0.8432    0.8761    0.8959    0.4714   0.05598   0.01428  0.005849
    59/299     22.9G   0.04213  0.006096 0.0006969   0.04892        70       640    0.8505    0.8698    0.8963    0.4726   0.05592    0.0143  0.005822
    60/299     22.9G   0.04208  0.006027 0.0006507   0.04876        84       640      0.85    0.8734    0.8969    0.4742   0.05588   0.01431  0.005805
    61/299     22.9G   0.04201  0.006025 0.0006383   0.04867        87       640    0.8428    0.8829    0.8977    0.4746   0.05583   0.01433  0.005781
    62/299     22.9G   0.04182  0.005951 0.0006995   0.04847        65       640    0.8458    0.8792    0.8983     0.475    0.0558   0.01434  0.005775
    63/299     22.9G   0.04149  0.006062 0.0006635   0.04821        70       640    0.8478    0.8809    0.8987    0.4749   0.05575   0.01436  0.005766
    64/299     22.9G   0.04186  0.006019 0.0006246    0.0485        98       640      0.85    0.8785    0.8994    0.4754   0.05571   0.01437  0.005758
    65/299     22.9G   0.04182  0.005954 0.0006624   0.04844        83       640    0.8495    0.8784    0.8995    0.4753   0.05569   0.01439   0.00575
    66/299     22.9G   0.04184  0.005987 0.0006506   0.04847        71       640    0.8537    0.8762    0.9001    0.4749   0.05565    0.0144  0.005744
    67/299     22.9G   0.04169  0.006016 0.0006941    0.0484        75       640    0.8544    0.8761    0.9004    0.4753   0.05561   0.01442   0.00574
    68/299     22.9G   0.04145   0.00598  0.000704   0.04813        82       640    0.8547    0.8758    0.9009    0.4762   0.05554   0.01444  0.005739
    69/299     22.9G   0.04137  0.005977 0.0005882   0.04794        77       640    0.8536    0.8756    0.9016    0.4771   0.05549   0.01446  0.005736
    70/299     22.9G   0.04137  0.005936 0.0006029   0.04791        81       640    0.8548    0.8737    0.9015    0.4768   0.05542   0.01448  0.005731
    71/299     22.9G   0.04146  0.005968 0.0005993   0.04802        56       640    0.8548    0.8736    0.9018    0.4773   0.05536    0.0145  0.005722
    72/299     22.9G   0.04116  0.005942 0.0006087   0.04771        76       640    0.8383    0.8914    0.9027    0.4781    0.0553   0.01452  0.005735
    73/299     22.9G   0.04127  0.005919 0.0005928   0.04778        78       640    0.8386    0.8924    0.9028     0.479   0.05524   0.01454  0.005741
    74/299     22.9G   0.04134  0.005887 0.0006146   0.04784        52       640    0.8388    0.8926    0.9032    0.4799   0.05517   0.01456  0.005705
    75/299     22.9G   0.04118  0.005868 0.0005543    0.0476        73       640    0.8393    0.8907    0.9035    0.4802   0.05512   0.01459  0.005693
    76/299     22.9G   0.04114  0.005969 0.0006209   0.04773        75       640    0.8628    0.8673    0.9038    0.4807   0.05506    0.0146  0.005686
    77/299     22.9G   0.04112  0.005861 0.0006296   0.04761       102       640    0.8658    0.8647    0.9041    0.4825     0.055   0.01462  0.005661
    78/299     22.9G   0.04121  0.005872 0.0006319   0.04772        50       640    0.8654    0.8657    0.9041    0.4839   0.05494   0.01465   0.00563
    79/299     22.9G   0.04107  0.005877 0.0005957   0.04754        84       640    0.8623    0.8696    0.9043    0.4846   0.05492   0.01466  0.005615
    80/299     22.9G   0.04109   0.00588 0.0006293    0.0476        52       640    0.8631    0.8716    0.9052    0.4856   0.05487   0.01468  0.005601
    81/299     22.9G    0.0412  0.005826  0.000604   0.04763        94       640     0.865    0.8697    0.9042    0.4851   0.05482    0.0147  0.005598
    82/299     22.9G   0.04107  0.005903 0.0005801   0.04755        66       640    0.8673    0.8678    0.9044    0.4861   0.05477   0.01472   0.00561
    83/299     22.9G   0.04109  0.005863  0.000644    0.0476        95       640    0.8691    0.8661     0.905    0.4861   0.05473   0.01474  0.005629
    84/299     22.9G   0.04088  0.005793 0.0006198   0.04729        83       640    0.8694    0.8658    0.9051    0.4859   0.05468   0.01476  0.005662
    85/299     22.9G   0.04078  0.005856 0.0006004   0.04724        76       640     0.864    0.8696    0.9058    0.4872   0.05465   0.01478  0.005677
    86/299     22.9G    0.0408  0.005811 0.0005873    0.0472       110       640    0.8645    0.8693    0.9061    0.4879   0.05459    0.0148  0.005694
    87/299     22.9G   0.04071  0.005792 0.0006021   0.04711        86       640     0.869     0.864    0.9063    0.4892   0.05456   0.01481  0.005711
    88/299     22.9G   0.04075  0.005854 0.0005547   0.04716        71       640    0.8609    0.8721    0.9071    0.4901    0.0545   0.01483  0.005727
    89/299     22.9G   0.04083  0.005791   0.00055   0.04717        61       640    0.8615    0.8745    0.9077    0.4916   0.05445   0.01485  0.005736
    90/299     22.9G   0.04061  0.005814 0.0005655   0.04699        65       640     0.862    0.8732    0.9069    0.4918    0.0544   0.01486  0.005761
    91/299     22.9G   0.04056  0.005762 0.0005207   0.04685        68       640    0.8579    0.8764    0.9076    0.4922   0.05437   0.01489  0.005791
    92/299     22.9G   0.04043   0.00579 0.0005216   0.04674        72       640    0.8412     0.895    0.9075    0.4928   0.05432   0.01492  0.005804
    93/299     22.9G   0.04036  0.005765  0.000586   0.04671        77       640    0.8444    0.8923    0.9083    0.4934   0.05429   0.01493  0.005794
    94/299     22.9G   0.04033  0.005782 0.0005371   0.04665        63       640    0.8456    0.8935    0.9083    0.4934   0.05426   0.01495    0.0058
    95/299     22.9G   0.04025  0.005741 0.0005015   0.04649        90       640    0.8445    0.8933    0.9088    0.4943   0.05422   0.01497  0.005793
    96/299     22.9G   0.04039  0.005782 0.0005881   0.04676        86       640    0.8463    0.8926    0.9099    0.4942   0.05419   0.01498  0.005752
    97/299     22.9G   0.04036  0.005773 0.0005662    0.0467        77       640     0.846    0.8938    0.9113     0.494   0.05415     0.015  0.005736
    98/299     22.9G   0.04029  0.005716 0.0005566   0.04657       114       640    0.8397    0.9018    0.9113    0.4949    0.0541   0.01502  0.005731
    99/299     22.9G   0.04026  0.005722  0.000534   0.04651        86       640    0.8443    0.8961     0.912     0.496   0.05406   0.01503  0.005726
   100/299     22.9G   0.04029  0.005706 0.0005446   0.04654        72       640    0.8459    0.8969    0.9129    0.4965   0.05402   0.01505  0.005733
   101/299     22.9G   0.04011  0.005696 0.0005492   0.04635        63       640    0.8363    0.9042    0.9134    0.4968   0.05398   0.01507  0.005776
   102/299     22.9G    0.0401  0.005785 0.0005474   0.04643        69       640     0.835    0.9058    0.9139    0.4973   0.05395   0.01509  0.005802
   103/299     22.9G   0.03989   0.00572 0.0004811   0.04609        87       640    0.8352    0.9073    0.9145     0.498    0.0539    0.0151  0.005813
   104/299     22.9G   0.04003  0.005732 0.0004753   0.04624        70       640    0.8331    0.9058    0.9144    0.4983   0.05386   0.01511  0.005824
   105/299     22.9G   0.04009  0.005755 0.0005026   0.04634        84       640    0.8186     0.924    0.9146    0.4985   0.05381   0.01513  0.005824
   106/299     22.9G   0.03992  0.005711 0.0005646    0.0462        71       640    0.8231     0.923     0.915    0.4992   0.05377   0.01514  0.005836
   107/299     22.9G   0.03999  0.005695 0.0005379   0.04622        78       640    0.8232    0.9236    0.9151    0.5002   0.05373   0.01515  0.005829
   108/299     22.9G   0.03976  0.005654 0.0005414   0.04595       102       640    0.8248    0.9238    0.9154    0.5012   0.05368   0.01516  0.005802
   109/299     22.9G   0.03992  0.005691 0.0005241   0.04614        48       640    0.8266    0.9231    0.9158     0.501   0.05364   0.01519  0.005794
   110/299     22.9G   0.03991  0.005671 0.0005248    0.0461        82       640    0.8274    0.9233     0.916    0.5016    0.0536    0.0152  0.005766
   111/299     22.9G   0.03991  0.005681 0.0005111    0.0461        98       640    0.8283    0.9233    0.9163    0.5013   0.05355   0.01521  0.005758
   112/299     22.9G   0.03966  0.005641 0.0004804   0.04578        67       640    0.8328    0.9198    0.9163    0.5017   0.05351   0.01523  0.005745
   113/299     22.9G   0.03973  0.005666 0.0005052    0.0459        74       640     0.832    0.9201    0.9165    0.5026    0.0535   0.01524  0.005734
   114/299     22.9G   0.03965  0.005659 0.0004912    0.0458        65       640     0.835    0.9166     0.917    0.5035   0.05347   0.01525  0.005732
   115/299     22.9G   0.03971  0.005621 0.0005084   0.04584        93       640    0.8367    0.9151    0.9174     0.504   0.05342   0.01527  0.005741
   116/299     22.9G    0.0396  0.005672 0.0004867   0.04576        69       640    0.8291    0.9252    0.9181    0.5057    0.0534   0.01528  0.005725
   117/299     22.9G    0.0396  0.005693 0.0005357   0.04583        86       640    0.8349    0.9194     0.918    0.5059   0.05337    0.0153  0.005706
   118/299     22.9G   0.03952  0.005624 0.0004823   0.04563        52       640    0.8322    0.9231    0.9187    0.5065   0.05334   0.01532  0.005688
   119/299     22.9G   0.03942  0.005597 0.0004735   0.04549        58       640    0.8313    0.9264    0.9206    0.5077   0.05331   0.01532  0.005667
   120/299     22.9G   0.03948  0.005594 0.0004688   0.04554        54       640    0.8326    0.9258    0.9209    0.5084   0.05329   0.01534  0.005642
   121/299     22.9G   0.03947  0.005651 0.0004522   0.04557        77       640    0.8344    0.9251    0.9215    0.5091   0.05327   0.01535  0.005643
   122/299     22.9G   0.03929  0.005576 0.0004479   0.04532        99       640    0.8347    0.9255    0.9219    0.5092   0.05325   0.01536  0.005637
   123/299     22.9G   0.03937  0.005639 0.0005214   0.04553        86       640    0.8346    0.9248    0.9222    0.5095   0.05323   0.01537  0.005629
   124/299     22.9G   0.03928  0.005643  0.000469   0.04539        67       640     0.835    0.9264    0.9224    0.5093    0.0532   0.01539  0.005624
   125/299     22.9G   0.03909  0.005612 0.0005109   0.04522        75       640    0.8309    0.9285    0.9213    0.5096   0.05317   0.01539  0.005611
   126/299     22.9G   0.03906  0.005549 0.0004645   0.04508        86       640    0.8312    0.9282    0.9214    0.5091   0.05313    0.0154  0.005592
   127/299     22.9G   0.03925  0.005545 0.0004808   0.04528        72       640    0.8334    0.9247    0.9217    0.5101   0.05309   0.01542  0.005591
   128/299     22.9G   0.03917  0.005572 0.0005125   0.04525        69       640    0.8969    0.8586    0.9218    0.5106   0.05305   0.01544  0.005594
   129/299     22.9G   0.03916  0.005545 0.0004665   0.04517        62       640    0.8932    0.8602    0.9219    0.5105   0.05301   0.01545  0.005577
   130/299     22.9G   0.03902  0.005536 0.0005108   0.04507        83       640    0.8373    0.9178    0.9222    0.5107   0.05298   0.01548  0.005562
   131/299     22.9G   0.03903   0.00558  0.000443   0.04505        82       640    0.8311    0.9258    0.9223      0.51   0.05294    0.0155  0.005561
   132/299     22.9G   0.03899  0.005595 0.0004869   0.04507        67       640    0.8357    0.9234    0.9219    0.5115   0.05291    0.0155  0.005547
   133/299     22.9G   0.03896  0.005548 0.0004919     0.045        74       640    0.8371    0.9247     0.923    0.5126   0.05288   0.01552  0.005546
   134/299     22.9G   0.03882  0.005523 0.0003843   0.04473        66       640    0.8357    0.9223    0.9229    0.5138   0.05285   0.01554  0.005511
   135/299     22.9G   0.03892  0.005544 0.0004886   0.04495        63       640    0.8369    0.9197     0.923    0.5133    0.0528   0.01556  0.005486
   136/299     22.9G   0.03879  0.005501  0.000451   0.04474        78       640    0.8331    0.9247    0.9234    0.5133   0.05276   0.01558  0.005461
   137/299     22.9G    0.0387  0.005521 0.0004536   0.04467        98       640    0.8307    0.9297    0.9229    0.5127   0.05271    0.0156  0.005431
   138/299     22.9G    0.0388  0.005494 0.0004037    0.0447        56       640    0.8298    0.9284    0.9224    0.5133   0.05264   0.01562  0.005386
   139/299     22.9G   0.03877  0.005554 0.0004641   0.04479        75       640    0.8265    0.9359     0.923    0.5132    0.0526   0.01563  0.005355
   140/299     22.9G    0.0387   0.00553 0.0004818   0.04471        74       640    0.8427    0.9134    0.9231     0.514   0.05253   0.01565  0.005319
   141/299     22.9G   0.03856  0.005552 0.0004874    0.0446        60       640    0.8442    0.9121    0.9234    0.5141   0.05248   0.01567  0.005279
   142/299     22.9G   0.03863  0.005535 0.0004083   0.04457        84       640    0.8739    0.8804    0.9237    0.5149   0.05242   0.01568  0.005256
   143/299     22.9G    0.0386  0.005518  0.000449   0.04457        85       640    0.8748     0.881    0.9243    0.5155   0.05236   0.01571   0.00524
   144/299     22.9G   0.03862  0.005552 0.0004638   0.04464        74       640    0.8352     0.928    0.9248    0.5158   0.05232   0.01573   0.00523
   145/299     22.9G   0.03856   0.00556 0.0004841    0.0446       145       640    0.8345    0.9301    0.9252    0.5165   0.05228   0.01575  0.005217
   146/299     22.9G    0.0383  0.005482 0.0004502   0.04424        89       640    0.8331    0.9338    0.9257    0.5176   0.05224   0.01577  0.005212
   147/299     22.9G   0.03832  0.005472 0.0004188   0.04421        82       640    0.8352    0.9348    0.9261    0.5184    0.0522   0.01579  0.005204
   148/299     22.9G   0.03834  0.005465  0.000471   0.04428        84       640    0.8358    0.9349    0.9266    0.5193   0.05215   0.01582  0.005196
   149/299     22.9G   0.03848  0.005459 0.0003964   0.04434        67       640    0.8359    0.9346    0.9268    0.5204   0.05212   0.01583  0.005166
   150/299     22.9G   0.03842  0.005456   0.00038   0.04426        89       640    0.8351    0.9387    0.9276     0.522   0.05208   0.01584  0.005141
   151/299     22.9G    0.0382  0.005451 0.0003932   0.04405       114       640    0.8355    0.9379    0.9279    0.5234   0.05203   0.01586  0.005134
   152/299     22.9G   0.03818  0.005419 0.0003508   0.04395        81       640    0.8358    0.9377    0.9283    0.5234     0.052   0.01587  0.005112
   153/299     22.9G   0.03824  0.005455 0.0003878   0.04408        59       640    0.8371    0.9371    0.9284    0.5237   0.05195   0.01588  0.005076
   154/299     22.9G   0.03817  0.005454 0.0004133   0.04404        60       640    0.8373    0.9376    0.9285    0.5239   0.05191   0.01589  0.005042
   155/299     22.9G   0.03812  0.005436 0.0004375     0.044       106       640    0.8372    0.9375    0.9284     0.524   0.05188    0.0159  0.005036
   156/299     22.9G   0.03809  0.005437 0.0004167   0.04394        96       640    0.8376    0.9379    0.9285    0.5243   0.05185   0.01591  0.005003
   157/299     22.9G   0.03819  0.005442 0.0004179   0.04405        74       640    0.8798    0.8925    0.9302    0.5245   0.05181   0.01592  0.004983
   158/299     22.9G   0.03797  0.005361 0.0003927   0.04373        83       640    0.8851    0.8889    0.9305    0.5256   0.05177   0.01592  0.004975
   159/299     22.9G   0.03806  0.005444 0.0003791   0.04388        79       640    0.8881    0.8852    0.9309    0.5264   0.05174   0.01594  0.004974
   160/299     22.9G   0.03789   0.00538 0.0004071   0.04368        68       640    0.8897     0.884    0.9309    0.5266   0.05171   0.01595  0.004967
   161/299     22.9G   0.03797  0.005405  0.000414   0.04379        88       640    0.8913    0.8835    0.9309     0.527   0.05167   0.01597  0.004942
   162/299     22.9G   0.03783  0.005401 0.0003857   0.04361        61       640     0.893    0.8816     0.931    0.5275   0.05162   0.01598  0.004953
   163/299     22.9G   0.03794  0.005367 0.0004069   0.04372        87       640    0.8951    0.8809    0.9315    0.5283   0.05158     0.016   0.00495
   164/299     22.9G   0.03768   0.00539  0.000356   0.04342        88       640     0.895    0.8811    0.9316    0.5288   0.05154   0.01602  0.004942
   165/299     22.9G   0.03779   0.00541 0.0003314   0.04354        94       640    0.8932    0.8833    0.9318    0.5281   0.05151   0.01604   0.00495
   166/299     22.9G   0.03757  0.005325  0.000388   0.04329        41       640    0.8935    0.8831    0.9321     0.528   0.05148   0.01605  0.004962
   167/299     22.9G   0.03766  0.005398 0.0003625   0.04342        67       640    0.8931    0.8831    0.9325    0.5287   0.05144   0.01606  0.004955
   168/299     22.9G   0.03762  0.005412 0.0003845   0.04342        44       640    0.8924    0.8806    0.9324    0.5299   0.05142   0.01607  0.004979
   169/299     22.9G   0.03766   0.00547 0.0004077   0.04354        96       640    0.8929    0.8803    0.9325      0.53   0.05138   0.01608   0.00499
   170/299     22.9G   0.03744  0.005364  0.000373   0.04318        60       640    0.8478    0.9299    0.9328    0.5316   0.05135   0.01608  0.004986
   171/299     22.9G   0.03753    0.0053 0.0003577   0.04319        72       640    0.8939    0.8817    0.9327     0.532   0.05131   0.01609  0.004974
   172/299     22.9G   0.03726  0.005363 0.0003468   0.04297        84       640    0.8931    0.8824    0.9328    0.5328    0.0513   0.01609   0.00497
   173/299     22.9G   0.03744  0.005364 0.0003488   0.04315        99       640    0.8952    0.8814     0.933     0.533   0.05127    0.0161  0.004954
   174/299     22.9G   0.03735  0.005341 0.0003481   0.04304        54       640    0.8943    0.8827    0.9334    0.5343   0.05124   0.01611  0.004948
   175/299     22.9G   0.03749  0.005305 0.0003919   0.04318        73       640    0.8947    0.8823    0.9336    0.5344   0.05122   0.01613  0.004949
   176/299     22.9G   0.03743  0.005331 0.0003562   0.04312        89       640    0.8903    0.8872    0.9343    0.5354   0.05118   0.01614  0.004961
   177/299     22.9G   0.03719   0.00532 0.0003053   0.04281        70       640     0.892    0.8882    0.9347    0.5357   0.05116   0.01615  0.004955
   178/299     22.9G   0.03724  0.005344 0.0003669   0.04295        78       640    0.8942    0.8874     0.935    0.5365   0.05113   0.01616  0.004959
   179/299     22.9G   0.03729  0.005302 0.0003806   0.04297       102       640    0.8945    0.8869    0.9352    0.5367    0.0511   0.01617  0.004962
   180/299     22.9G   0.03725  0.005345 0.0003788   0.04297        93       640    0.8942    0.8865    0.9352     0.538   0.05107   0.01618  0.004965
   181/299     22.9G   0.03716  0.005305 0.0003387   0.04281        73       640    0.8936    0.8891    0.9355    0.5383   0.05104   0.01619  0.004969
   182/299     22.9G   0.03693  0.005358 0.0003789   0.04266        71       640    0.8952    0.8867    0.9353    0.5389   0.05101   0.01621  0.004964
   183/299     22.9G   0.03691   0.00526  0.000311   0.04248        66       640     0.892    0.8892    0.9356    0.5389   0.05097   0.01623  0.004957
   184/299     22.9G   0.03681  0.005343 0.0003391    0.0425        76       640    0.8795    0.9012    0.9359    0.5387   0.05093   0.01625  0.004958
   185/299     22.9G   0.03705  0.005309 0.0003531   0.04271        75       640    0.8793    0.9014    0.9362    0.5383   0.05089   0.01627  0.004972
   186/299     22.9G   0.03683  0.005269 0.0003246   0.04243        83       640    0.8811    0.9031    0.9371    0.5383   0.05085   0.01629  0.004976
   187/299     22.9G   0.03682   0.00526 0.0003557   0.04244        72       640    0.8797    0.9046     0.937    0.5385   0.05082   0.01631  0.004944
   188/299     22.9G   0.03691  0.005293 0.0003264   0.04253        94       640    0.8798    0.9048    0.9374    0.5393   0.05078   0.01632  0.004932
   189/299     22.9G    0.0367  0.005244 0.0003158   0.04226        99       640    0.8803    0.9045    0.9377    0.5399   0.05073   0.01635  0.004925
   190/299     22.9G   0.03667  0.005309 0.0003437   0.04232        78       640     0.879    0.9073    0.9377    0.5398   0.05069   0.01636  0.004926
   191/299     22.9G   0.03681  0.005216 0.0003202   0.04235        79       640    0.8799    0.9062    0.9378    0.5394   0.05066   0.01638  0.004926
   192/299     22.9G   0.03649  0.005294 0.0003081    0.0421        69       640    0.8824    0.9048    0.9379    0.5392   0.05062   0.01641  0.004917
   193/299     22.9G    0.0364  0.005263  0.000291   0.04195        91       640    0.8816    0.9075    0.9401    0.5393   0.05057   0.01644  0.004925
   194/299     22.9G   0.03663  0.005268 0.0003488   0.04224        65       640    0.8839    0.9062    0.9401    0.5393   0.05053   0.01646  0.004908
   195/299     22.9G   0.03664  0.005262 0.0003393   0.04224        66       640     0.873    0.9195    0.9401    0.5395   0.05049   0.01647   0.00491
   196/299     22.9G   0.03629  0.005223 0.0003296   0.04185        65       640    0.8733    0.9193    0.9401    0.5394   0.05046   0.01649  0.004922
   197/299     22.9G   0.03621  0.005199 0.0003097   0.04172        68       640     0.873    0.9197    0.9402    0.5396   0.05043   0.01651  0.004929
   198/299     22.9G   0.03654  0.005264 0.0003221   0.04213       102       640    0.8576    0.9371    0.9405    0.5408    0.0504   0.01653  0.004938
   199/299     22.9G   0.03622  0.005273 0.0003179   0.04181        76       640    0.8939    0.8988    0.9407    0.5413   0.05036   0.01655   0.00494
   200/299     22.9G   0.03623   0.00522 0.0003164   0.04177        76       640    0.8811    0.9137    0.9409    0.5422   0.05035   0.01656  0.004932
   201/299     22.9G   0.03607  0.005228 0.0003263   0.04163        58       640    0.8819    0.9132     0.941    0.5425   0.05033   0.01658  0.004925
   202/299     22.9G   0.03598  0.005172 0.0002796   0.04143        61       640    0.8962    0.8983     0.941    0.5423   0.05031    0.0166  0.004936
   203/299     22.9G   0.03622  0.005147 0.0003135   0.04168        65       640    0.8821    0.9129    0.9411    0.5433   0.05029    0.0166  0.004949
   204/299     22.9G   0.03626  0.005244 0.0003154   0.04182       105       640    0.8826    0.9127     0.941    0.5433   0.05026   0.01662  0.004967
   205/299     22.9G   0.03604  0.005207 0.0002748   0.04152       118       640    0.8822    0.9149    0.9401    0.5427   0.05024   0.01663  0.004973
   206/299     22.9G   0.03592  0.005172 0.0003126    0.0414        68       640    0.8833    0.9129    0.9401    0.5435   0.05022   0.01664  0.004975
   207/299     22.9G   0.03583  0.005158 0.0002979   0.04128        73       640    0.8874    0.9077    0.9404    0.5438    0.0502   0.01666  0.004978
   208/299     22.9G   0.03596  0.005225 0.0003206   0.04151        64       640    0.8916    0.9053    0.9405    0.5439   0.05018   0.01667  0.004969
   209/299     22.9G   0.03569  0.005265  0.000284   0.04124        61       640    0.8937    0.9043    0.9414     0.545   0.05016   0.01668   0.00499
   210/299     22.9G   0.03574  0.005189 0.0002984   0.04123        69       640    0.8925    0.9076    0.9419    0.5456   0.05015   0.01668  0.004996
   211/299     22.9G   0.03574  0.005171 0.0003133   0.04122        57       640     0.892    0.9082    0.9421    0.5456   0.05013   0.01669     0.005
   212/299     22.9G   0.03566  0.005092 0.0002775   0.04103        78       640    0.8916    0.9087    0.9424    0.5452   0.05013   0.01669     0.005
   213/299     22.9G   0.03556  0.005174 0.0002865   0.04102        63       640    0.8934    0.9085    0.9427    0.5463   0.05012    0.0167  0.005015
   214/299     22.9G   0.03554  0.005155 0.0002752   0.04097        81       640    0.8925    0.9108    0.9431    0.5468    0.0501   0.01671   0.00502
   215/299     22.9G   0.03561  0.005206 0.0003132   0.04113        83       640    0.8924    0.9108    0.9432     0.547   0.05008   0.01673  0.005015
   216/299     22.9G   0.03559  0.005134 0.0002682   0.04099        62       640    0.9002    0.9028    0.9438    0.5471   0.05006   0.01674  0.005006
   217/299     22.9G   0.03553  0.005132 0.0002905   0.04096        73       640    0.9009    0.9045    0.9441    0.5478   0.05004   0.01675  0.005003
   218/299     22.9G   0.03532  0.005138 0.0002666   0.04073        72       640    0.9008    0.9039    0.9444    0.5484   0.05002   0.01676     0.005
   219/299     22.9G   0.03521  0.005158 0.0002788   0.04065        83       640    0.9007    0.9043    0.9446    0.5484   0.04999   0.01677  0.004987
   220/299     22.9G   0.03517  0.005118 0.0002852   0.04058        59       640    0.8999    0.9049    0.9449    0.5489   0.04998   0.01678  0.004982
   221/299     22.9G   0.03527  0.005126 0.0002586   0.04065       101       640    0.9049     0.902    0.9452    0.5485   0.04995   0.01679  0.004969
   222/299     22.9G    0.0351  0.005155 0.0002675   0.04052       104       640    0.9043    0.9036    0.9453    0.5487   0.04993    0.0168  0.004965
   223/299     22.9G    0.0351  0.005086 0.0002531   0.04044        78       640    0.9057    0.9032    0.9456    0.5489   0.04991   0.01681  0.004958
   224/299     22.9G   0.03521  0.005079 0.0002563   0.04054        71       640    0.9043    0.9031    0.9458      0.55   0.04989   0.01682  0.004951
   225/299     22.9G   0.03494  0.005131 0.0002892   0.04036       100       640    0.9046    0.9043    0.9461    0.5499   0.04986   0.01683  0.004949
   226/299     22.9G   0.03513  0.005108 0.0003029   0.04054        75       640    0.9018    0.9059    0.9461    0.5501   0.04983   0.01684  0.004966
   227/299     22.9G   0.03505  0.005142  0.000262   0.04046        86       640    0.8982    0.9092    0.9464    0.5512   0.04982   0.01685  0.004984
   228/299     22.9G   0.03477  0.005068 0.0002726   0.04011        62       640    0.8989    0.9101    0.9468    0.5507   0.04979   0.01686  0.004965
   229/299     22.9G   0.03491  0.005071  0.000259   0.04024        89       640    0.9008     0.909    0.9471    0.5515   0.04977   0.01688   0.00495
   230/299     22.9G   0.03488  0.005109  0.000248   0.04023       107       640     0.901    0.9081    0.9474    0.5513   0.04975   0.01689  0.004955
   231/299     22.9G   0.03483  0.005056 0.0002589   0.04015        95       640    0.9083    0.9015    0.9476    0.5519   0.04972    0.0169  0.004937
   232/299     22.9G   0.03462  0.005084 0.0002734   0.03998        94       640     0.907    0.9034     0.948    0.5527   0.04969   0.01691  0.004915
   233/299     22.9G   0.03466    0.0051 0.0002523   0.04001        93       640    0.9064    0.9039    0.9482    0.5527   0.04966   0.01693  0.004909
   234/299     22.9G   0.03463  0.005055 0.0002763   0.03996        85       640    0.9002    0.9112    0.9487    0.5532   0.04964   0.01694  0.004884
   235/299     22.9G   0.03456  0.005127 0.0002707   0.03996        81       640    0.9019    0.9104    0.9487    0.5532   0.04963   0.01694  0.004863
   236/299     22.9G   0.03445  0.005035 0.0002629   0.03974        95       640    0.9026    0.9094     0.949     0.554    0.0496   0.01695  0.004838
   237/299     22.9G   0.03455  0.005047 0.0002307   0.03982        90       640    0.9026    0.9091    0.9492    0.5542   0.04959   0.01696  0.004829
   238/299     22.9G   0.03454  0.005038 0.0002907   0.03987        72       640     0.901      0.91    0.9496    0.5541   0.04958   0.01696  0.004814
   239/299     22.9G   0.03425   0.00503  0.000219    0.0395        81       640    0.9058    0.9044    0.9496    0.5543   0.04957   0.01697  0.004791
   240/299     22.9G   0.03419  0.005093 0.0002472   0.03953        94       640    0.8965    0.9138    0.9497    0.5548   0.04955   0.01698  0.004778
   241/299     22.9G   0.03425  0.005073 0.0002631   0.03959        73       640    0.8963    0.9141      0.95    0.5555   0.04953   0.01698  0.004763
   242/299     22.9G    0.0342   0.00502 0.0002517   0.03948        90       640    0.8958    0.9165    0.9502    0.5556   0.04951   0.01699  0.004754
   243/299     22.9G   0.03408  0.005002 0.0002479   0.03933        62       640    0.9004    0.9124    0.9507    0.5556   0.04948   0.01701  0.004745
   244/299     22.9G   0.03409  0.005032 0.0002488   0.03937        41       640    0.8988    0.9158     0.951    0.5566   0.04944   0.01703  0.004729
   245/299     22.9G   0.03399  0.005008 0.0002933   0.03929        64       640    0.8974     0.918     0.951     0.557   0.04941   0.01704  0.004747
   246/299     22.9G   0.03406  0.005035 0.0002668   0.03936        70       640    0.8981    0.9174    0.9512    0.5567   0.04938   0.01706  0.004754
   247/299     22.9G   0.03404  0.005017 0.0002134   0.03927        59       640    0.8952    0.9189    0.9512    0.5569   0.04936   0.01707  0.004759
   248/299     22.9G     0.034  0.005015 0.0002346   0.03925        97       640    0.8847    0.9305    0.9511    0.5575   0.04933   0.01708  0.004749
   249/299     22.9G   0.03396  0.005005 0.0002607   0.03922        99       640    0.8866    0.9301    0.9512    0.5569   0.04931   0.01709  0.004731
   250/299     22.9G   0.03391  0.004993 0.0002068   0.03911        63       640    0.8866    0.9318    0.9513    0.5569   0.04928    0.0171  0.004717
   251/299     22.9G   0.03367  0.004939  0.000235   0.03885        75       640    0.8856    0.9322    0.9515    0.5571   0.04926   0.01711  0.004722
   252/299     22.9G   0.03369  0.005057 0.0002192   0.03897        71       640     0.886    0.9338    0.9517    0.5574   0.04924   0.01711  0.004727
   253/299     22.9G   0.03368  0.005059 0.0002297   0.03897        98       640    0.8872    0.9332    0.9516    0.5577   0.04921   0.01713   0.00473
   254/299     22.9G   0.03358  0.005003 0.0002386   0.03882        57       640    0.8885    0.9329    0.9518    0.5579   0.04919   0.01713  0.004719
   255/299     22.9G   0.03361  0.004953 0.0002424    0.0388       117       640    0.8886    0.9325     0.952    0.5579   0.04917   0.01714  0.004718
   256/299     22.9G   0.03358  0.004982 0.0002248   0.03879        94       640     0.888    0.9332    0.9522    0.5576   0.04915   0.01715  0.004721
   257/299     22.9G   0.03329  0.004933 0.0002508   0.03847        59       640    0.8884    0.9334     0.952    0.5575   0.04913   0.01716  0.004727
   258/299     22.9G   0.03336  0.004943 0.0002559   0.03856        81       640    0.8903     0.931    0.9522    0.5581    0.0491   0.01717  0.004744
   259/299     22.9G   0.03331  0.004993 0.0002314   0.03853        76       640    0.8923    0.9301    0.9522    0.5589   0.04907   0.01719  0.004758
   260/299     22.9G   0.03333   0.00494 0.0002263   0.03849        86       640    0.8928    0.9298    0.9523    0.5587   0.04906    0.0172  0.004767
   261/299     22.9G   0.03321  0.004964 0.0002158   0.03839        77       640    0.8928    0.9292    0.9524    0.5587   0.04904   0.01721  0.004761
   262/299     22.9G   0.03318  0.004908 0.0002049   0.03829       109       640     0.891     0.931    0.9526     0.559   0.04902   0.01722  0.004755
   263/299     22.9G   0.03318     0.005  0.000225    0.0384        66       640    0.8911    0.9315    0.9529    0.5592   0.04901   0.01723  0.004759
   264/299     22.9G   0.03305  0.004901 0.0002323   0.03818        69       640    0.8906    0.9312    0.9529    0.5594     0.049   0.01723  0.004757
   265/299     22.9G   0.03297  0.004939 0.0002225   0.03813        83       640    0.8835    0.9403    0.9531    0.5592   0.04898   0.01724  0.004757
   266/299     22.9G   0.03298  0.004976 0.0002077   0.03816        61       640    0.8831    0.9405    0.9532    0.5597   0.04896   0.01726  0.004748
   267/299     22.9G   0.03309  0.004936  0.000211   0.03824        83       640    0.8833    0.9405    0.9533    0.5596   0.04894   0.01728  0.004726
   268/299     22.9G   0.03297  0.004905 0.0002137   0.03809       101       640     0.878    0.9469    0.9534    0.5604   0.04892   0.01729  0.004706
   269/299     22.9G   0.03288  0.004903 0.0002366   0.03802        73       640    0.8837    0.9428    0.9535    0.5607    0.0489   0.01729  0.004705
   270/299     22.9G   0.03282  0.004946 0.0002018   0.03797        66       640    0.8803    0.9459    0.9535    0.5608   0.04888    0.0173  0.004701
   271/299     22.9G   0.03277  0.004914 0.0002167    0.0379        66       640    0.8813    0.9454    0.9536    0.5608   0.04887   0.01731  0.004705
   272/299     22.9G   0.03281  0.004959 0.0002212   0.03799        72       640    0.8809    0.9462    0.9538    0.5608   0.04887   0.01732  0.004714
   273/299     22.9G   0.03266  0.004947 0.0001965   0.03781        69       640    0.8807     0.946     0.954    0.5607   0.04886   0.01732  0.004713
   274/299     22.9G   0.03261  0.004905 0.0002226   0.03773       110       640    0.8818    0.9464    0.9545    0.5606   0.04884   0.01732  0.004712
   275/299     22.9G   0.03271   0.00492 0.0002156   0.03784       104       640     0.882    0.9468    0.9546    0.5605   0.04882   0.01733  0.004715
   276/299     22.9G   0.03261  0.004825 0.0002198   0.03766       119       640    0.8818    0.9464    0.9546    0.5605   0.04881   0.01734  0.004714
   277/299     22.9G   0.03261   0.00492 0.0002074   0.03773        71       640    0.8815    0.9472    0.9546    0.5605   0.04878   0.01735  0.004706
   278/299     22.9G   0.03261  0.004903 0.0002344   0.03775        94       640    0.8818    0.9468    0.9548    0.5612   0.04876   0.01736  0.004697
   279/299     22.9G   0.03257  0.004917 0.0001887   0.03767        75       640    0.8814    0.9473    0.9549    0.5619   0.04874   0.01737  0.004697
   280/299     22.9G   0.03248   0.00485 0.0001746    0.0375        88       640    0.8815    0.9473     0.955    0.5624   0.04872   0.01739   0.00469
   281/299     22.9G   0.03243   0.00489 0.0002265   0.03754        69       640    0.8816    0.9469    0.9553    0.5625    0.0487    0.0174  0.004685
   282/299     22.9G   0.03247  0.004926 0.0002189   0.03762        83       640    0.8815    0.9487    0.9555    0.5621   0.04868   0.01741   0.00468
   283/299     22.9G   0.03227  0.004908 0.0002238    0.0374        69       640    0.8815    0.9504    0.9563     0.563   0.04867   0.01741  0.004673
   284/299     22.9G   0.03229  0.004894  0.000219    0.0374        80       640    0.8836     0.948    0.9562    0.5633   0.04866   0.01742  0.004668
   285/299     22.9G   0.03235    0.0049 0.0002096   0.03746        65       640    0.8822    0.9504    0.9562    0.5635   0.04864   0.01743  0.004672
   286/299     22.9G    0.0323  0.004847 0.0001923   0.03734        88       640    0.8828    0.9505    0.9568    0.5636   0.04863   0.01743  0.004665
   287/299     22.9G   0.03218  0.004831   0.00018   0.03719        58       640    0.8842    0.9479    0.9565    0.5635   0.04861   0.01744  0.004659
   288/299     22.9G   0.03227  0.004894 0.0002003   0.03736        74       640    0.8842    0.9479    0.9571    0.5639    0.0486   0.01744   0.00466
   289/299     22.9G   0.03216  0.004883 0.0001824   0.03722        71       640     0.882    0.9523    0.9569    0.5644   0.04858   0.01745   0.00464
   290/299     22.9G   0.03225  0.004857 0.0002143   0.03732        78       640    0.8803    0.9521    0.9568     0.565   0.04857   0.01747  0.004626
   291/299     22.9G     0.032  0.004859 0.0002057   0.03707        87       640    0.8819    0.9521    0.9571    0.5649   0.04854   0.01748  0.004611
   292/299     22.9G   0.03219  0.004889 0.0001941   0.03728        73       640     0.884    0.9486    0.9576    0.5645   0.04852   0.01748  0.004593
   293/299     22.9G   0.03214   0.00488 0.0002101   0.03723        75       640    0.8835    0.9491    0.9574    0.5638    0.0485   0.01749  0.004571
   294/299     22.9G    0.0321  0.004876 0.0002078   0.03719        69       640    0.8838    0.9501    0.9578    0.5639   0.04848    0.0175  0.004547
   295/299     22.9G   0.03182  0.004869 0.0002063   0.03689        79       640    0.8854    0.9485    0.9583    0.5639   0.04846   0.01751  0.004529
   296/299     22.9G   0.03208  0.004856 0.0002038   0.03714        78       640    0.8854    0.9489    0.9584    0.5641   0.04845   0.01751  0.004507
   297/299     22.9G   0.03215  0.004892 0.0002025   0.03725        77       640    0.8848    0.9494    0.9585    0.5648   0.04844   0.01751  0.004486
   298/299     22.9G   0.03202  0.004873 0.0002003   0.03709        92       640    0.8837    0.9495    0.9587    0.5647   0.04843   0.01752  0.004473
   299/299     22.9G   0.03194   0.00484 0.0001921   0.03698        91       640    0.8856    0.9472    0.9587    0.5648   0.04842   0.01753  0.004459
