      0/99     17.5G   0.07356  0.009389    0.0125   0.09544        69       640    0.5917   0.09673   0.04248  0.007903   0.08699   0.02206   0.01736
      1/99     23.6G   0.06208  0.008863  0.008862    0.0798        75       640    0.1577    0.3432    0.1004   0.02485   0.08862   0.01972   0.01215
      2/99     23.6G    0.0597  0.008571  0.007159   0.07543        87       640    0.1196    0.2631   0.09162   0.02979   0.08848   0.01906   0.00946
      3/99     23.6G   0.05769   0.00848  0.006068   0.07224        65       640    0.2571      0.26    0.1843   0.06129   0.08737   0.01881  0.008016
      4/99     23.6G   0.05703  0.008299  0.005563   0.07089        74       640    0.3569    0.3262    0.2859    0.1002   0.07583   0.02118   0.01246
      5/99     23.6G   0.05539  0.008355  0.005159    0.0689        93       640    0.3522    0.4019    0.3343    0.1268   0.08243   0.01874   0.01292
      6/99     23.6G   0.05454  0.008315  0.004798   0.06766        82       640    0.4591     0.392    0.3948    0.1666    0.0832   0.01814   0.01611
      7/99     23.6G   0.05541  0.008312  0.005814   0.06954        76       640     0.175    0.3055    0.1374   0.05347   0.08893   0.02888   0.04647
      8/99     23.6G   0.05628  0.008392  0.005999   0.07067        94       640     0.318    0.3423    0.2874    0.1193   0.07973   0.01924   0.02102
      9/99     23.6G   0.05592  0.008255  0.005632   0.06981        84       640    0.3713    0.4287    0.3433    0.1433   0.08586   0.01691   0.01733
     10/99     23.6G   0.05513    0.0082  0.005245   0.06857        91       640    0.4565     0.386    0.3702    0.1503   0.08232   0.01859   0.01701
     11/99     23.6G   0.05459  0.008254   0.00479   0.06764        90       640    0.4964    0.3961    0.4015      0.17   0.07947   0.01816   0.01549
     12/99     23.6G   0.05444  0.008198  0.004691   0.06733        83       640    0.5686    0.3943    0.4128    0.1749   0.08176   0.01775   0.01498
     13/99     23.6G   0.05357  0.008254  0.004761   0.06659        66       640    0.4631    0.4579    0.4194    0.1793    0.0767    0.0184    0.0143
     14/99     23.6G    0.0528  0.008169  0.004198   0.06517        98       640    0.5683    0.4475    0.4579    0.2009   0.07719   0.01831   0.01351
     15/99     23.6G   0.05282  0.008224  0.003867   0.06491        71       640     0.437    0.5222    0.4808    0.2023   0.07686   0.01823   0.01213
     16/99     23.6G   0.05229  0.008043  0.003777   0.06411        59       640    0.4621    0.5551    0.5124    0.2176   0.07519   0.01812   0.01228
     17/99     23.6G   0.05174  0.008057  0.003786   0.06358        45       640    0.4593    0.5452    0.5126    0.2171   0.07587   0.01769   0.01167
     18/99     23.6G   0.05218  0.008024  0.003566   0.06377        81       640      0.48    0.5257    0.5131    0.2213   0.07738   0.01703   0.01207
     19/99     23.6G   0.05161  0.008036  0.003754    0.0634        74       640     0.585    0.5278     0.539    0.2369   0.07583   0.01763   0.01302
     20/99     23.6G   0.05137   0.00795  0.003365   0.06269        74       640    0.5383     0.538    0.5365    0.2372   0.07414   0.01786   0.01105
     21/99     23.6G   0.05099  0.007908  0.003394   0.06229        58       640    0.5367    0.5416    0.5289    0.2387   0.07394    0.0176  0.009853
     22/99     23.6G   0.05097  0.007869  0.003234   0.06207        93       640    0.5633    0.5025    0.5253    0.2392   0.07357   0.01793   0.01287
     23/99     23.6G   0.05059  0.007816  0.003217   0.06163        78       640    0.4928    0.5976    0.5476    0.2482   0.07294   0.01765   0.01218
     24/99     23.6G   0.05062  0.007821  0.002926   0.06136        79       640    0.5372    0.5539    0.5526    0.2419   0.07351    0.0172   0.01118
     25/99     23.6G   0.05121   0.00782  0.003031   0.06206        71       640    0.4855    0.5941    0.5502    0.2447   0.07288   0.01785   0.01101
     26/99     23.6G   0.05064  0.007874  0.002983    0.0615        84       640    0.5393    0.5857    0.5823    0.2601   0.07193   0.01784  0.009191
     27/99     23.6G   0.05009  0.007788   0.00273   0.06061        76       640     0.546    0.6196    0.5953    0.2671   0.07153   0.01738  0.009668
     28/99     23.6G   0.05051  0.007809  0.002944   0.06126        69       640    0.5405    0.6242    0.5882    0.2654   0.07148   0.01734  0.009498
     29/99     23.6G   0.05037  0.007812  0.003038   0.06122        89       640     0.539     0.601    0.5777    0.2628   0.07171   0.01723  0.009186
     30/99     23.6G   0.05005  0.007747  0.002696   0.06049        84       640     0.524     0.624    0.5852    0.2696   0.07142   0.01731  0.009286
     31/99     23.6G    0.0506  0.007685  0.002853   0.06113       111       640    0.4655     0.614    0.5503    0.2506    0.0708   0.01777   0.01071
     32/99     23.6G   0.05026  0.007714  0.002754   0.06073        91       640    0.5047    0.6271    0.5711    0.2635   0.06965   0.01781   0.01071
     33/99     23.6G   0.05008  0.007747  0.002759   0.06059        53       640    0.5307     0.651    0.5929    0.2727    0.0692   0.01773   0.01117
     34/99     23.6G   0.04941  0.007593  0.002579   0.05958        82       640    0.6196    0.5995    0.6115    0.2789   0.06917   0.01769   0.01013
     35/99     23.6G   0.04938   0.00764  0.002435   0.05945        89       640    0.6013     0.624    0.6207    0.2836   0.06939   0.01779   0.01497
     36/99     23.6G   0.04937  0.007689  0.002717   0.05977        86       640    0.5879    0.6507    0.6253    0.2873   0.06813   0.01776   0.01044
     37/99     23.6G   0.04911  0.007584  0.002324   0.05902        70       640    0.5921    0.6554    0.6296    0.2899    0.0681   0.01767   0.01107
     38/99     23.6G   0.04926  0.007542  0.002554   0.05936       100       640    0.6337    0.6268     0.632    0.2922   0.06803   0.01755   0.01075
     39/99     23.6G   0.04914  0.007553  0.002254   0.05894        80       640    0.6179    0.6492    0.6428    0.2944    0.0682   0.01742   0.01075
     40/99     23.6G   0.04939  0.007536  0.002224   0.05915        67       640    0.6382    0.6421    0.6501    0.2997   0.06783   0.01738   0.01067
     41/99     23.6G   0.04863  0.007491  0.002233   0.05836        88       640    0.6777    0.6271    0.6566    0.3023   0.06739   0.01739   0.01045
     42/99     23.6G   0.04841  0.007536  0.001891   0.05784        75       640    0.6686    0.6375    0.6589    0.3031   0.06712   0.01737    0.0103
     43/99     23.6G    0.0486  0.007518   0.00212   0.05823        73       640    0.6458    0.6622    0.6641    0.3068   0.06707   0.01734   0.01033
     44/99     23.6G    0.0485  0.007422  0.002023   0.05795       121       640    0.6426    0.6706    0.6689    0.3086    0.0668   0.01732   0.01004
     45/99     23.6G   0.04827   0.00743  0.001968   0.05767        63       640    0.6448    0.6724    0.6707    0.3095   0.06659   0.01727   0.01022
     46/99     23.6G   0.04785  0.007448  0.001905    0.0572        84       640    0.6859    0.6502    0.6745     0.311    0.0663   0.01727   0.01021
     47/99     23.6G   0.04807  0.007405   0.00204   0.05751        74       640    0.6389    0.6755    0.6719    0.3103   0.06621   0.01727   0.01014
     48/99     23.6G   0.04804  0.007391  0.002097   0.05753        42       640    0.6074    0.6633    0.6465    0.3013   0.06653   0.01734   0.01083
     49/99     23.6G   0.04776  0.007369  0.001906   0.05704        74       640    0.5884    0.6718    0.6413    0.2984   0.06668   0.01735   0.01125
     50/99     23.6G   0.04782  0.007403  0.001959   0.05718        83       640    0.5839    0.6755    0.6382    0.2989   0.06664   0.01734   0.01135
     51/99     23.6G    0.0474   0.00733  0.001739   0.05647        68       640    0.5832    0.6799    0.6413    0.3004   0.06655   0.01732    0.0114
     52/99     23.6G   0.04739  0.007298  0.001768   0.05645        96       640    0.6426    0.6299     0.644    0.3021   0.06645   0.01731   0.01152
     53/99     23.6G   0.04759  0.007302  0.001662   0.05655        62       640    0.5859    0.6904    0.6481    0.3041   0.06632    0.0173   0.01155
     54/99     23.6G   0.04706   0.00723  0.001544   0.05583        61       640     0.601    0.6857    0.6537    0.3057   0.06616    0.0173   0.01153
     55/99     23.6G   0.04703  0.007166  0.001662   0.05586        73       640    0.6061    0.6852    0.6566    0.3079   0.06604   0.01729   0.01152
     56/99     23.6G   0.04706  0.007167  0.001517   0.05574        39       640    0.6096     0.687    0.6573    0.3088   0.06591   0.01727   0.01148
     57/99     23.6G   0.04682  0.007158  0.001485   0.05546       105       640     0.623    0.6823    0.6593      0.31   0.06578   0.01724   0.01149
     58/99     23.6G   0.04675  0.007165  0.001383    0.0553        95       640    0.6183    0.6916    0.6623    0.3122   0.06562   0.01722   0.01148
     59/99     23.6G   0.04655  0.007211  0.001434    0.0552        70       640    0.6231    0.6935    0.6636    0.3131   0.06547    0.0172   0.01144
     60/99     23.6G   0.04635  0.007116  0.001295   0.05476        84       640    0.6281    0.6929    0.6662    0.3143   0.06531   0.01718   0.01139
     61/99     23.6G   0.04607  0.007119  0.001327   0.05451        87       640    0.6355     0.689    0.6692     0.316   0.06515   0.01715   0.01133
     62/99     23.6G   0.04612  0.007021   0.00131   0.05445        65       640     0.637    0.6931    0.6722    0.3176   0.06497   0.01714   0.01129
     63/99     23.6G   0.04575  0.007172  0.001238   0.05416        70       640     0.629    0.7104    0.6739    0.3192   0.06481   0.01712    0.0113
     64/99     23.6G   0.04594  0.007122  0.001172   0.05423        98       640     0.631    0.7119    0.6759    0.3206   0.06466    0.0171   0.01127
     65/99     23.6G   0.04577  0.007006  0.001231   0.05401        83       640    0.6369    0.7096    0.6823    0.3221   0.06452   0.01708   0.01123
     66/99     23.6G   0.04601  0.006997  0.001191    0.0542        71       640    0.6479    0.7036    0.6847    0.3227    0.0644   0.01705   0.01123
     67/99     23.6G   0.04556  0.007055  0.001203   0.05382        75       640    0.6493    0.7045    0.6863    0.3242   0.06427   0.01704   0.01123
     68/99     23.6G   0.04535  0.007005  0.001166   0.05352        82       640    0.6383    0.7173    0.6891    0.3259   0.06414   0.01702   0.01122
     69/99     23.6G   0.04533     0.007  0.001125   0.05346        77       640    0.6464    0.7134     0.691    0.3271   0.06401     0.017    0.0112
     70/99     23.6G   0.04526  0.006992  0.001079   0.05333        81       640    0.6435    0.7173    0.6931     0.329   0.06388   0.01699   0.01116
     71/99     23.6G   0.04532  0.006982  0.001045   0.05335        56       640    0.6383    0.7286    0.6957    0.3304   0.06375   0.01697   0.01111
     72/99     23.6G   0.04496   0.00695 0.0009944   0.05291        76       640    0.6569    0.7162    0.6974    0.3316    0.0636   0.01696   0.01113
     73/99     23.6G     0.045  0.006977   0.00103   0.05301        78       640    0.6601    0.7192    0.6994    0.3324   0.06346   0.01695   0.01109
     74/99     23.6G   0.04501  0.006909  0.001007   0.05292        52       640    0.6547    0.7203    0.7006    0.3336   0.06331   0.01693   0.01103
     75/99     23.6G   0.04494  0.006876 0.0009675   0.05279        73       640    0.6736     0.708    0.7034    0.3348   0.06319   0.01692     0.011
     76/99     23.6G   0.04469  0.006985 0.0009964   0.05267        75       640    0.6823    0.7061    0.7054    0.3372   0.06306    0.0169     0.011
     77/99     23.6G   0.04459  0.006841  0.001022   0.05245       102       640     0.687     0.704    0.7072    0.3389   0.06293   0.01689   0.01097
     78/99     23.6G   0.04461  0.006821 0.0009435   0.05238        50       640    0.6923    0.7048    0.7097    0.3402    0.0628   0.01687   0.01095
     79/99     23.6G   0.04435  0.006844 0.0009136   0.05211        84       640    0.6967    0.7067    0.7118    0.3414   0.06267   0.01685   0.01093
     80/99     23.6G   0.04433  0.006869 0.0009516   0.05215        52       640    0.7074    0.7046    0.7138    0.3425   0.06254   0.01683    0.0109
     81/99     23.6G   0.04446   0.00676 0.0008825    0.0521        94       640    0.7098    0.7045    0.7156    0.3442   0.06242   0.01681   0.01087
     82/99     23.6G   0.04431  0.006862  0.000864   0.05203        66       640     0.709    0.7098    0.7177    0.3459    0.0623   0.01679   0.01085
     83/99     23.6G   0.04413  0.006766 0.0008728   0.05177        95       640    0.7119    0.7146    0.7216    0.3475   0.06219   0.01677   0.01081
     84/99     23.6G   0.04411  0.006728 0.0008377   0.05167        83       640    0.7158    0.7158     0.724    0.3488   0.06208   0.01675    0.0108
     85/99     23.6G   0.04399  0.006778 0.0008788   0.05164        76       640    0.7112     0.724    0.7259    0.3498   0.06197   0.01673   0.01076
     86/99     23.6G   0.04387  0.006752 0.0008276   0.05145       110       640    0.7116    0.7313    0.7288    0.3514   0.06184   0.01671   0.01073
     87/99     23.6G   0.04378  0.006751 0.0008494   0.05138        86       640    0.7195    0.7317    0.7313    0.3533   0.06172   0.01669   0.01071
     88/99     23.6G   0.04382  0.006779 0.0008228   0.05143        71       640     0.723    0.7347    0.7375    0.3549    0.0616   0.01667   0.01071
     89/99     23.6G   0.04389  0.006707 0.0007916   0.05139        61       640    0.7272    0.7342    0.7396    0.3563   0.06148   0.01666   0.01071
     90/99     23.6G   0.04378   0.00674 0.0007524   0.05127        65       640    0.7302    0.7324    0.7417    0.3579   0.06136   0.01664   0.01071
     91/99     23.6G   0.04363  0.006661 0.0007379   0.05103        68       640    0.7339    0.7323    0.7438    0.3599   0.06124   0.01663    0.0107
     92/99     23.6G   0.04351  0.006742 0.0007557   0.05101        72       640    0.7391    0.7316    0.7457    0.3612   0.06112   0.01661    0.0107
     93/99     23.6G   0.04349  0.006719 0.0007934     0.051        77       640    0.7404    0.7378     0.748    0.3624     0.061    0.0166   0.01069
     94/99     23.6G   0.04344  0.006708 0.0007388   0.05088        63       640    0.7331    0.7469    0.7502    0.3644   0.06087   0.01658   0.01067
     95/99     23.6G   0.04337  0.006686 0.0007611   0.05082        90       640    0.7419     0.743    0.7523    0.3665   0.06075   0.01657   0.01067
     96/99     23.6G   0.04342  0.006684 0.0007587   0.05086        86       640    0.7462    0.7433    0.7542    0.3678   0.06064   0.01656   0.01065
     97/99     23.6G   0.04318  0.006703 0.0007683   0.05065        77       640    0.7485    0.7421    0.7573    0.3689   0.06053   0.01655   0.01062
     98/99     23.6G   0.04333  0.006621  0.000741   0.05069       114       640    0.7446    0.7486    0.7592    0.3708   0.06041   0.01654   0.01061
     99/99     23.6G   0.04314   0.00664 0.0007144    0.0505        86       640    0.7457    0.7493    0.7613     0.373   0.06029   0.01652   0.01058
