      0/99     10.6G   0.07479  0.009309   0.01279   0.09689         8       640         0         0         0         0    0.1017   0.01979   0.01979
      1/99     10.9G   0.06332  0.009123  0.009431   0.08188        10       640  0.004675    0.1575  0.002162 0.0004456    0.1102     0.153    0.1279
      2/99     12.7G   0.06041  0.008696  0.007706   0.07681         2       640    0.2977    0.2947    0.1939   0.05689   0.08506   0.02051   0.01051
      3/99     12.7G    0.0587  0.008507  0.005898   0.07311        15       640     0.294    0.2499    0.1943   0.07378    0.0821   0.01979   0.02502
      4/99     12.7G   0.05611  0.008542  0.004701   0.06935         1       640    0.3562    0.3273    0.3017    0.1164   0.07638     0.019   0.01273
      5/99     12.7G   0.05488  0.008419  0.003788   0.06709        11       640    0.3537    0.4216    0.3492    0.1343    0.0732   0.01821   0.01141
      6/99     12.7G   0.05403  0.008406  0.003302   0.06574         8       640    0.4712    0.4118    0.3881    0.1676   0.07132   0.01843   0.01183
      7/99     12.7G   0.05341  0.008367  0.002961   0.06474         5       640    0.4024    0.5275    0.4421    0.1907   0.06923    0.0176   0.01262
      8/99     12.7G    0.0527  0.008245  0.002777   0.06372         5       640    0.4603    0.5229    0.4801    0.2124   0.06915   0.01718    0.0124
      9/99     12.7G   0.05223   0.00814  0.002685   0.06306         6       640    0.5246    0.5129    0.5127     0.226   0.06747    0.0169   0.01077
     10/99     12.7G   0.05177  0.008117   0.00235   0.06224         5       640    0.4442    0.5029    0.4789    0.2168   0.06887   0.01716   0.01179
     11/99     12.7G   0.05155  0.008095  0.002492   0.06213         8       640    0.5972    0.4962    0.5164    0.2356   0.06833   0.01597   0.01079
     12/99     12.7G   0.05105  0.008106  0.002157   0.06131         6       640    0.5598    0.6086    0.5812     0.263   0.06671   0.01609   0.01078
     13/99     12.7G   0.05052  0.007907  0.002057   0.06048         3       640    0.5799    0.5778    0.5797     0.267   0.06389   0.01643  0.008153
     14/99     12.7G   0.05036  0.007893  0.001961   0.06022         9       640     0.566    0.6279    0.6197    0.2804   0.06356   0.01594  0.007711
     15/99     12.7G      0.05  0.007873  0.001864   0.05974         8       640    0.6465    0.6338    0.6584    0.3042   0.06392   0.01538  0.007285
     16/99     12.7G   0.04983  0.007731  0.001793   0.05935        24       640    0.6308    0.6713    0.6719    0.3038   0.06337   0.01545  0.006779
     17/99     12.7G   0.04972  0.007697  0.001726   0.05915        14       640    0.6928    0.6383    0.6644    0.3079   0.06204   0.01551  0.008217
     18/99     12.7G   0.04935  0.007616  0.001689   0.05865        12       640    0.6811    0.6915    0.6964    0.3196   0.06275   0.01496  0.007416
     19/99     12.7G   0.04925   0.00758  0.001627   0.05845        11       640    0.6454    0.6722    0.6794    0.3163   0.06207   0.01514  0.006701
     20/99     12.7G   0.04887  0.007508  0.001581   0.05796         9       640      0.65     0.696    0.7001    0.3243   0.06199   0.01489  0.006758
     21/99     12.7G   0.04884  0.007519  0.001428   0.05779         8       640     0.722    0.7027    0.7148    0.3367   0.06193   0.01482  0.006754
     22/99     12.7G   0.04849  0.007427  0.001382    0.0573        11       640    0.7533    0.6985    0.7313    0.3446   0.06235   0.01467  0.006742
     23/99     12.7G   0.04844  0.007436  0.001392   0.05727        11       640     0.747    0.7093    0.7386    0.3509   0.06206    0.0147  0.007106
     24/99     12.7G   0.04805  0.007384  0.001414   0.05685         6       640    0.7403    0.7124    0.7446    0.3535   0.06167    0.0146  0.006366
     25/99     12.7G    0.0481  0.007387   0.00143   0.05691        10       640    0.6855     0.727    0.7325    0.3492   0.06248   0.01438   0.00933
     26/99     12.7G   0.04776  0.007332  0.001351   0.05645        12       640    0.7309    0.7258    0.7418     0.356   0.06154   0.01435  0.007104
     27/99     12.7G   0.04752   0.00728  0.001293    0.0561        12       640      0.72    0.7561    0.7572    0.3654    0.0612   0.01438  0.007253
     28/99     12.7G   0.04771  0.007262  0.001265   0.05623         4       640    0.7554     0.748    0.7558    0.3712   0.06095   0.01426  0.006792
     29/99     12.7G   0.04723  0.007205  0.001222   0.05566         1       640    0.7743    0.7272    0.7621    0.3722   0.06116   0.01426  0.007176
     30/99     12.7G   0.04705  0.007163  0.001176   0.05539         8       640    0.7712    0.7609    0.7743    0.3779   0.06127   0.01418   0.00738
     31/99     12.7G   0.04712  0.007089  0.001157   0.05536        16       640    0.8074    0.7347    0.7772    0.3813    0.0606   0.01436  0.006863
     32/99     12.7G   0.04671  0.007156   0.00118   0.05505         2       640     0.786    0.7423    0.7827    0.3823   0.06052   0.01435   0.00688
     33/99     12.7G   0.04663  0.007054  0.001113    0.0548        15       640    0.7886    0.7458    0.7838    0.3851   0.06014    0.0144  0.006836
     34/99     12.7G   0.04647  0.006996  0.001082   0.05455        10       640    0.8062    0.7561    0.7917    0.3878   0.06001   0.01444  0.006756
     35/99     12.7G   0.04647   0.00702  0.001128   0.05461        10       640    0.7861    0.7779     0.796    0.3915   0.06005   0.01436  0.006674
     36/99     12.7G   0.04612  0.007005  0.001104   0.05423        20       640    0.7874    0.7774    0.7999    0.3955   0.06016   0.01427   0.00666
     37/99     12.7G   0.04618  0.006898  0.001077   0.05415         2       640    0.8073    0.7637    0.8002    0.3953   0.06006   0.01429  0.006659
     38/99     12.7G   0.04599   0.00688 0.0009551   0.05383         3       640    0.8177    0.7641    0.8049    0.3983   0.05996   0.01432  0.006569
     39/99     12.7G   0.04592   0.00694 0.0009986   0.05386         4       640    0.8268     0.763    0.8044    0.3992   0.05988   0.01432  0.006569
     40/99     12.7G   0.04563  0.006843  0.001044   0.05352        14       640    0.8206    0.7645    0.8073    0.3996   0.05977   0.01433  0.006579
     41/99     12.7G   0.04559   0.00684  0.000977   0.05341         8       640    0.7944    0.7898    0.8094     0.401   0.05971   0.01433  0.006508
     42/99     12.7G   0.04545  0.006794 0.0009583   0.05321        13       640    0.8051    0.7832     0.813    0.4031   0.05956   0.01435  0.006476
     43/99     12.7G   0.04547  0.006759 0.0009386   0.05317         4       640     0.811    0.7817    0.8145    0.4053   0.05948   0.01434  0.006487
     44/99     12.7G   0.04526  0.006718  0.000942   0.05292         1       640    0.8074    0.7856    0.8171    0.4071   0.05937   0.01434  0.006478
     45/99     12.7G    0.0452  0.006733 0.0009251   0.05286        12       640    0.8183    0.7759    0.8183    0.4098   0.05933   0.01434  0.006511
     46/99     12.7G   0.04499  0.006679 0.0009055   0.05257         3       640     0.814    0.7848    0.8205    0.4101   0.05922   0.01434  0.006546
     47/99     12.7G   0.04504  0.006613 0.0008319   0.05248        10       640    0.8077    0.7928    0.8228    0.4111   0.05915   0.01436  0.006577
     48/99     12.7G   0.04477  0.006615 0.0008293   0.05221        18       640    0.8111    0.7928    0.8231    0.4115   0.05906   0.01437  0.006579
     49/99     12.7G   0.04486  0.006646 0.0007981   0.05231         6       640    0.8144    0.7943    0.8243    0.4121   0.05901   0.01437  0.006546
     50/99     12.7G   0.04442  0.006578 0.0008072    0.0518         8       640    0.8189     0.792    0.8261    0.4136   0.05897   0.01437  0.006544
     51/99     12.7G   0.04438  0.006555 0.0008164   0.05176         6       640    0.8172    0.7951    0.8277    0.4153   0.05891   0.01437  0.006502
     52/99     12.7G    0.0442  0.006479 0.0007677   0.05145         6       640    0.8172    0.7952    0.8293    0.4162   0.05888   0.01437  0.006524
     53/99     12.7G   0.04426  0.006496 0.0007884   0.05154         4       640    0.8235    0.7888    0.8308    0.4176   0.05884   0.01437  0.006544
     54/99     12.7G   0.04408  0.006451 0.0007619   0.05129        12       640    0.8207    0.7901    0.8316    0.4186   0.05884   0.01437  0.006556
     55/99     12.7G   0.04402  0.006516 0.0007501   0.05128         7       640    0.8163    0.7953    0.8341    0.4192   0.05883   0.01436  0.006584
     56/99     12.7G   0.04388  0.006439 0.0007738   0.05109         5       640    0.8212    0.7929    0.8354    0.4204   0.05882   0.01436  0.006599
     57/99     12.7G   0.04364  0.006442 0.0007082   0.05079         6       640    0.8413    0.7838    0.8366    0.4209   0.05879   0.01436   0.00662
     58/99     12.7G   0.04356  0.006391 0.0006935   0.05064         8       640    0.8402     0.784    0.8374    0.4222   0.05876   0.01435  0.006631
     59/99     12.7G   0.04364   0.00644 0.0007718   0.05085        18       640    0.8385    0.7864    0.8379    0.4235   0.05874   0.01434  0.006642
     60/99     12.7G   0.04341  0.006352 0.0007604   0.05053        11       640    0.8399    0.7879    0.8402    0.4253   0.05872   0.01434  0.006656
     61/99     12.7G    0.0433  0.006318 0.0006757   0.05029        11       640    0.8323     0.795    0.8411    0.4259   0.05869   0.01434  0.006665
     62/99     12.7G   0.04331  0.006331 0.0007109   0.05035        10       640      0.83    0.7985    0.8406    0.4268   0.05866   0.01434  0.006667
     63/99     12.7G   0.04326  0.006353 0.0006415   0.05025        10       640    0.8306    0.7985    0.8411    0.4284   0.05863   0.01434  0.006675
     64/99     12.7G   0.04301  0.006335 0.0006455   0.04999         7       640    0.8385    0.7924    0.8426    0.4283    0.0586   0.01435   0.00669
     65/99     12.7G   0.04309  0.006352 0.0006301   0.05007         8       640    0.8454    0.7907    0.8442    0.4288   0.05857   0.01436  0.006699
     66/99     12.7G    0.0429  0.006312 0.0006122   0.04982        14       640     0.844    0.7925    0.8458    0.4297   0.05855   0.01436  0.006714
     67/99     12.7G   0.04268  0.006273  0.000633   0.04959         7       640    0.8446     0.794    0.8486    0.4309   0.05853   0.01436  0.006732
     68/99     12.7G   0.04269  0.006237 0.0006418   0.04957         5       640    0.8501    0.7904    0.8491    0.4318    0.0585   0.01437  0.006746
     69/99     12.7G   0.04236  0.006193 0.0006273   0.04918        11       640    0.8526    0.7903    0.8504    0.4325   0.05846   0.01438  0.006746
     70/99     12.7G    0.0424   0.00622 0.0005845   0.04921         6       640    0.8104    0.8293    0.8527    0.4333   0.05841   0.01438  0.006752
     71/99     12.7G   0.04222  0.006221 0.0006058   0.04905         3       640    0.8531    0.7946    0.8537    0.4349   0.05838   0.01439  0.006764
     72/99     12.7G   0.04216  0.006199 0.0005644   0.04892         9       640    0.8074    0.8384    0.8548    0.4362   0.05833    0.0144  0.006774
     73/99     12.7G   0.04206  0.006148 0.0005664   0.04878         4       640    0.8092    0.8377    0.8557    0.4366   0.05828   0.01441  0.006778
     74/99     12.7G   0.04195  0.006121   0.00057   0.04864        10       640    0.8113     0.837    0.8564    0.4379   0.05825   0.01441  0.006779
     75/99     12.7G   0.04194  0.006141 0.0005449   0.04862         9       640    0.8097    0.8428    0.8578    0.4389   0.05821   0.01441  0.006785
     76/99     12.7G    0.0417  0.006095 0.0005136   0.04831         7       640    0.8106     0.844    0.8588    0.4397   0.05818   0.01442  0.006799
     77/99     12.7G   0.04175  0.006103 0.0005265   0.04838        17       640    0.8156    0.8443    0.8615    0.4413   0.05814   0.01442  0.006808
     78/99     10.8G   0.04138  0.006117 0.0005016     0.048         8       640    0.8148    0.8468    0.8626    0.4425    0.0581   0.01443  0.006813
     79/99     12.9G   0.04154  0.006028 0.0005302    0.0481        10       640     0.817    0.8509    0.8641    0.4437   0.05805   0.01443   0.00681
     80/99     12.9G   0.04123  0.006049 0.0004956   0.04778         2       640    0.8246    0.8488    0.8653    0.4453     0.058   0.01443  0.006805
     81/99     12.9G   0.04117  0.006042 0.0004807    0.0477        15       640    0.8267    0.8533    0.8685    0.4459   0.05795   0.01443    0.0068
     82/99     12.9G   0.04105   0.00606 0.0005137   0.04763         1       640    0.8286    0.8513    0.8694    0.4469   0.05791   0.01444  0.006802
     83/99     12.9G   0.04118  0.006008 0.0005069    0.0477        11       640    0.8345    0.8465    0.8707    0.4483   0.05786   0.01444  0.006794
     84/99     12.9G   0.04085   0.00605 0.0004865   0.04738         8       640    0.8331     0.848     0.872    0.4487   0.05782   0.01444  0.006777
     85/99     12.9G    0.0409  0.006011  0.000503   0.04741         5       640    0.8405    0.8433    0.8731      0.45   0.05778   0.01444  0.006759
     86/99     12.9G   0.04077  0.005948 0.0004827    0.0472         5       640    0.8423     0.845    0.8744    0.4519   0.05773   0.01445  0.006744
     87/99     12.9G   0.04066  0.005912 0.0004439   0.04701         6       640    0.8443    0.8441    0.8755    0.4534   0.05769   0.01445  0.006727
     88/99     12.9G   0.04065  0.005943  0.000478   0.04707         5       640    0.8464    0.8473     0.882    0.4548   0.05764   0.01447  0.006711
     89/99     12.9G   0.04045  0.005898 0.0004518    0.0468         8       640     0.807     0.893    0.8835    0.4572   0.05759   0.01447   0.00671
     90/99     12.9G   0.04046  0.006018 0.0004332   0.04691         6       640    0.8098    0.8955    0.8846    0.4578   0.05755   0.01448  0.006697
     91/99     12.9G   0.04019  0.005875 0.0004268   0.04649         3       640    0.8113    0.8946    0.8849    0.4586   0.05749   0.01449  0.006669
     92/99     12.9G   0.04032   0.00592 0.0004627    0.0467         9       640    0.8142    0.8946    0.8863    0.4601   0.05743    0.0145  0.006651
     93/99     12.9G   0.04023  0.005951 0.0004467   0.04663         8       640    0.8183    0.8925    0.8875    0.4605   0.05739   0.01451  0.006635
     94/99     12.9G   0.04014  0.005885  0.000452   0.04647        24       640    0.8212    0.8923    0.8891    0.4621   0.05734   0.01451  0.006629
     95/99     12.9G   0.04018  0.005911 0.0004307   0.04652        14       640    0.8217    0.8921    0.8898    0.4628   0.05729   0.01452  0.006617
     96/99     12.9G   0.04005  0.005844 0.0004242   0.04631        12       640    0.8223    0.8921    0.8905    0.4638   0.05723   0.01453  0.006613
     97/99     12.9G   0.04008  0.005855 0.0004062   0.04635        11       640    0.8245    0.8916    0.8919    0.4651   0.05718   0.01455   0.00659
     98/99     12.9G   0.03994  0.005815 0.0004334   0.04618         9       640    0.8374    0.8799    0.8928    0.4663   0.05713   0.01455  0.006568
     99/99     12.9G   0.03996  0.005873 0.0004112   0.04624         8       640    0.8382    0.8792    0.8939    0.4679   0.05708   0.01456  0.006563
